# k[h/Mpc]   R1   R2 
# 
1.0000e-04 2.7208e-04 -6.8013e-05
1.0093e-04 2.7961e-04 -6.9896e-05
1.0186e-04 2.8735e-04 -7.1832e-05
1.0280e-04 2.9531e-04 -7.3821e-05
1.0375e-04 3.0349e-04 -7.5865e-05
1.0472e-04 3.1189e-04 -7.7966e-05
1.0568e-04 3.2053e-04 -8.0125e-05
1.0666e-04 3.2941e-04 -8.2344e-05
1.0765e-04 3.3853e-04 -8.4624e-05
1.0865e-04 3.4790e-04 -8.6967e-05
1.0965e-04 3.5754e-04 -8.9376e-05
1.1067e-04 3.6744e-04 -9.1850e-05
1.1169e-04 3.7761e-04 -9.4394e-05
1.1273e-04 3.8807e-04 -9.7007e-05
1.1377e-04 3.9882e-04 -9.9693e-05
1.1482e-04 4.0986e-04 -1.0245e-04
1.1589e-04 4.2121e-04 -1.0529e-04
1.1696e-04 4.3287e-04 -1.0821e-04
1.1804e-04 4.4486e-04 -1.1120e-04
1.1913e-04 4.5718e-04 -1.1428e-04
1.2024e-04 4.6984e-04 -1.1745e-04
1.2135e-04 4.8285e-04 -1.2070e-04
1.2247e-04 4.9622e-04 -1.2404e-04
1.2361e-04 5.0996e-04 -1.2747e-04
1.2475e-04 5.2408e-04 -1.3100e-04
1.2591e-04 5.3859e-04 -1.3463e-04
1.2707e-04 5.5350e-04 -1.3836e-04
1.2825e-04 5.6883e-04 -1.4219e-04
1.2944e-04 5.8458e-04 -1.4612e-04
1.3063e-04 6.0077e-04 -1.5017e-04
1.3184e-04 6.1740e-04 -1.5433e-04
1.3306e-04 6.3450e-04 -1.5860e-04
1.3430e-04 6.5207e-04 -1.6299e-04
1.3554e-04 6.7012e-04 -1.6751e-04
1.3679e-04 6.8868e-04 -1.7214e-04
1.3806e-04 7.0774e-04 -1.7691e-04
1.3934e-04 7.2734e-04 -1.8181e-04
1.4063e-04 7.4748e-04 -1.8684e-04
1.4193e-04 7.6817e-04 -1.9201e-04
1.4324e-04 7.8944e-04 -1.9733e-04
1.4457e-04 8.1130e-04 -2.0279e-04
1.4591e-04 8.3376e-04 -2.0840e-04
1.4726e-04 8.5684e-04 -2.1417e-04
1.4862e-04 8.8057e-04 -2.2010e-04
1.5000e-04 9.0495e-04 -2.2620e-04
1.5139e-04 9.3000e-04 -2.3246e-04
1.5279e-04 9.5575e-04 -2.3889e-04
1.5420e-04 9.8221e-04 -2.4551e-04
1.5563e-04 1.0094e-03 -2.5230e-04
1.5707e-04 1.0373e-03 -2.5929e-04
1.5853e-04 1.0661e-03 -2.6646e-04
1.5999e-04 1.0956e-03 -2.7384e-04
1.6147e-04 1.1259e-03 -2.8142e-04
1.6297e-04 1.1571e-03 -2.8921e-04
1.6448e-04 1.1891e-03 -2.9722e-04
1.6600e-04 1.2220e-03 -3.0544e-04
1.6754e-04 1.2559e-03 -3.1390e-04
1.6909e-04 1.2906e-03 -3.2259e-04
1.7065e-04 1.3264e-03 -3.3151e-04
1.7223e-04 1.3631e-03 -3.4069e-04
1.7383e-04 1.4008e-03 -3.5012e-04
1.7544e-04 1.4396e-03 -3.5981e-04
1.7706e-04 1.4794e-03 -3.6977e-04
1.7870e-04 1.5204e-03 -3.8000e-04
1.8035e-04 1.5625e-03 -3.9052e-04
1.8202e-04 1.6057e-03 -4.0133e-04
1.8371e-04 1.6502e-03 -4.1243e-04
1.8541e-04 1.6958e-03 -4.2385e-04
1.8713e-04 1.7428e-03 -4.3558e-04
1.8886e-04 1.7910e-03 -4.4763e-04
1.9061e-04 1.8406e-03 -4.6002e-04
1.9237e-04 1.8915e-03 -4.7275e-04
1.9415e-04 1.9439e-03 -4.8583e-04
1.9595e-04 1.9977e-03 -4.9928e-04
1.9776e-04 2.0530e-03 -5.1309e-04
1.9960e-04 2.1098e-03 -5.2729e-04
2.0144e-04 2.1682e-03 -5.4188e-04
2.0331e-04 2.2282e-03 -5.5688e-04
2.0519e-04 2.2898e-03 -5.7228e-04
2.0709e-04 2.3532e-03 -5.8812e-04
2.0901e-04 2.4183e-03 -6.0439e-04
2.1094e-04 2.4853e-03 -6.2112e-04
2.1289e-04 2.5540e-03 -6.3830e-04
2.1487e-04 2.6247e-03 -6.5596e-04
2.1685e-04 2.6974e-03 -6.7411e-04
2.1886e-04 2.7720e-03 -6.9276e-04
2.2089e-04 2.8487e-03 -7.1192e-04
2.2293e-04 2.9275e-03 -7.3162e-04
2.2500e-04 3.0085e-03 -7.5186e-04
2.2708e-04 3.0918e-03 -7.7266e-04
2.2918e-04 3.1773e-03 -7.9404e-04
2.3130e-04 3.2653e-03 -8.1600e-04
2.3344e-04 3.3556e-03 -8.3857e-04
2.3561e-04 3.4484e-03 -8.6177e-04
2.3779e-04 3.5439e-03 -8.8561e-04
2.3999e-04 3.6419e-03 -9.1011e-04
2.4221e-04 3.7427e-03 -9.3528e-04
2.4445e-04 3.8462e-03 -9.6115e-04
2.4672e-04 3.9526e-03 -9.8773e-04
2.4900e-04 4.0620e-03 -1.0151e-03
2.5130e-04 4.1743e-03 -1.0431e-03
2.5363e-04 4.2898e-03 -1.0720e-03
2.5598e-04 4.4085e-03 -1.1016e-03
2.5835e-04 4.5304e-03 -1.1321e-03
2.6074e-04 4.6558e-03 -1.1634e-03
2.6315e-04 4.7845e-03 -1.1956e-03
2.6559e-04 4.9169e-03 -1.2286e-03
2.6805e-04 5.0529e-03 -1.2626e-03
2.7053e-04 5.1926e-03 -1.2975e-03
2.7303e-04 5.3362e-03 -1.3334e-03
2.7556e-04 5.4838e-03 -1.3702e-03
2.7811e-04 5.6355e-03 -1.4081e-03
2.8069e-04 5.7913e-03 -1.4471e-03
2.8329e-04 5.9515e-03 -1.4871e-03
2.8591e-04 6.1161e-03 -1.5282e-03
2.8856e-04 6.2852e-03 -1.5704e-03
2.9123e-04 6.4590e-03 -1.6138e-03
2.9392e-04 6.6376e-03 -1.6584e-03
2.9664e-04 6.8212e-03 -1.7043e-03
2.9939e-04 7.0098e-03 -1.7514e-03
3.0216e-04 7.2036e-03 -1.7998e-03
3.0496e-04 7.4028e-03 -1.8496e-03
3.0778e-04 7.6074e-03 -1.9007e-03
3.1063e-04 7.8178e-03 -1.9532e-03
3.1351e-04 8.0339e-03 -2.0072e-03
3.1641e-04 8.2560e-03 -2.0626e-03
3.1934e-04 8.4842e-03 -2.1196e-03
3.2230e-04 8.7188e-03 -2.1782e-03
3.2528e-04 8.9598e-03 -2.2384e-03
3.2829e-04 9.2074e-03 -2.3003e-03
3.3133e-04 9.4619e-03 -2.3638e-03
3.3440e-04 9.7234e-03 -2.4291e-03
3.3749e-04 9.9922e-03 -2.4962e-03
3.4062e-04 1.0268e-02 -2.5652e-03
3.4377e-04 1.0552e-02 -2.6360e-03
3.4695e-04 1.0844e-02 -2.7088e-03
3.5016e-04 1.1143e-02 -2.7837e-03
3.5341e-04 1.1451e-02 -2.8606e-03
3.5668e-04 1.1768e-02 -2.9396e-03
3.5998e-04 1.2093e-02 -3.0207e-03
3.6331e-04 1.2427e-02 -3.1042e-03
3.6668e-04 1.2770e-02 -3.1899e-03
3.7007e-04 1.3123e-02 -3.2780e-03
3.7350e-04 1.3486e-02 -3.3685e-03
3.7695e-04 1.3858e-02 -3.4615e-03
3.8044e-04 1.4241e-02 -3.5570e-03
3.8397e-04 1.4634e-02 -3.6552e-03
3.8752e-04 1.5039e-02 -3.7561e-03
3.9111e-04 1.5454e-02 -3.8598e-03
3.9473e-04 1.5881e-02 -3.9664e-03
3.9838e-04 1.6319e-02 -4.0758e-03
4.0207e-04 1.6770e-02 -4.1883e-03
4.0579e-04 1.7233e-02 -4.3039e-03
4.0955e-04 1.7709e-02 -4.4227e-03
4.1334e-04 1.8198e-02 -4.5447e-03
4.1717e-04 1.8700e-02 -4.6701e-03
4.2103e-04 1.9216e-02 -4.7990e-03
4.2493e-04 1.9747e-02 -4.9314e-03
4.2886e-04 2.0292e-02 -5.0674e-03
4.3283e-04 2.0852e-02 -5.2072e-03
4.3684e-04 2.1428e-02 -5.3509e-03
4.4088e-04 2.2019e-02 -5.4984e-03
4.4496e-04 2.2627e-02 -5.6501e-03
4.4908e-04 2.3251e-02 -5.8059e-03
4.5324e-04 2.3893e-02 -5.9660e-03
4.5744e-04 2.4552e-02 -6.1305e-03
4.6167e-04 2.5230e-02 -6.2995e-03
4.6594e-04 2.5926e-02 -6.4732e-03
4.7026e-04 2.6641e-02 -6.6517e-03
4.7461e-04 2.7376e-02 -6.8350e-03
4.7901e-04 2.8131e-02 -7.0234e-03
4.8344e-04 2.8907e-02 -7.2170e-03
4.8792e-04 2.9704e-02 -7.4158e-03
4.9243e-04 3.0523e-02 -7.6202e-03
4.9699e-04 3.1365e-02 -7.8301e-03
5.0159e-04 3.2230e-02 -8.0459e-03
5.0624e-04 3.3119e-02 -8.2676e-03
5.1092e-04 3.4032e-02 -8.4953e-03
5.1565e-04 3.4970e-02 -8.7293e-03
5.2043e-04 3.5934e-02 -8.9697e-03
5.2524e-04 3.6924e-02 -9.2167e-03
5.3011e-04 3.7942e-02 -9.4705e-03
5.3501e-04 3.8988e-02 -9.7313e-03
5.3997e-04 4.0062e-02 -9.9992e-03
5.4496e-04 4.1166e-02 -1.0274e-02
5.5001e-04 4.2300e-02 -1.0557e-02
5.5510e-04 4.3466e-02 -1.0848e-02
5.6024e-04 4.4663e-02 -1.1146e-02
5.6543e-04 4.5894e-02 -1.1453e-02
5.7066e-04 4.7158e-02 -1.1768e-02
5.7594e-04 4.8456e-02 -1.2092e-02
5.8128e-04 4.9791e-02 -1.2425e-02
5.8666e-04 5.1162e-02 -1.2767e-02
5.9209e-04 5.2570e-02 -1.3118e-02
5.9757e-04 5.4018e-02 -1.3478e-02
6.0310e-04 5.5505e-02 -1.3849e-02
6.0868e-04 5.7033e-02 -1.4230e-02
6.1432e-04 5.8602e-02 -1.4621e-02
6.2001e-04 6.0215e-02 -1.5023e-02
6.2575e-04 6.1872e-02 -1.5436e-02
6.3154e-04 6.3574e-02 -1.5860e-02
6.3739e-04 6.5324e-02 -1.6296e-02
6.4329e-04 6.7120e-02 -1.6743e-02
6.4924e-04 6.8967e-02 -1.7203e-02
6.5525e-04 7.0863e-02 -1.7676e-02
6.6132e-04 7.2812e-02 -1.8161e-02
6.6744e-04 7.4814e-02 -1.8660e-02
6.7362e-04 7.6871e-02 -1.9173e-02
6.7985e-04 7.8985e-02 -1.9699e-02
6.8615e-04 8.1155e-02 -2.0240e-02
6.9250e-04 8.3386e-02 -2.0795e-02
6.9891e-04 8.5677e-02 -2.1366e-02
7.0538e-04 8.8032e-02 -2.1952e-02
7.1191e-04 9.0450e-02 -2.2554e-02
7.1850e-04 9.2935e-02 -2.3173e-02
7.2515e-04 9.5487e-02 -2.3808e-02
7.3187e-04 9.8110e-02 -2.4461e-02
7.3864e-04 1.0080e-01 -2.5132e-02
7.4548e-04 1.0357e-01 -2.5821e-02
7.5238e-04 1.0642e-01 -2.6529e-02
7.5935e-04 1.0934e-01 -2.7256e-02
7.6638e-04 1.1234e-01 -2.8002e-02
7.7347e-04 1.1542e-01 -2.8769e-02
7.8063e-04 1.1859e-01 -2.9558e-02
7.8786e-04 1.2184e-01 -3.0367e-02
7.9515e-04 1.2518e-01 -3.1199e-02
8.0251e-04 1.2862e-01 -3.2053e-02
8.0994e-04 1.3214e-01 -3.2930e-02
8.1744e-04 1.3577e-01 -3.3831e-02
8.2501e-04 1.3949e-01 -3.4757e-02
8.3265e-04 1.4331e-01 -3.5708e-02
8.4035e-04 1.4724e-01 -3.6685e-02
8.4813e-04 1.5127e-01 -3.7688e-02
8.5599e-04 1.5542e-01 -3.8719e-02
8.6391e-04 1.5968e-01 -3.9777e-02
8.7191e-04 1.6405e-01 -4.0865e-02
8.7998e-04 1.6854e-01 -4.1981e-02
8.8813e-04 1.7316e-01 -4.3128e-02
8.9635e-04 1.7790e-01 -4.4307e-02
9.0465e-04 1.8277e-01 -4.5517e-02
9.1302e-04 1.8777e-01 -4.6760e-02
9.2147e-04 1.9291e-01 -4.8036e-02
9.3000e-04 1.9818e-01 -4.9348e-02
9.3861e-04 2.0360e-01 -5.0694e-02
9.4730e-04 2.0917e-01 -5.2078e-02
9.5607e-04 2.1489e-01 -5.3498e-02
9.6492e-04 2.2077e-01 -5.4957e-02
9.7385e-04 2.2680e-01 -5.6456e-02
9.8287e-04 2.3300e-01 -5.7994e-02
9.9197e-04 2.3936e-01 -5.9575e-02
1.0012e-03 2.4590e-01 -6.1198e-02
1.0104e-03 2.5262e-01 -6.2865e-02
1.0198e-03 2.5952e-01 -6.4578e-02
1.0292e-03 2.6660e-01 -6.6336e-02
1.0387e-03 2.7388e-01 -6.8142e-02
1.0484e-03 2.8135e-01 -6.9997e-02
1.0581e-03 2.8903e-01 -7.1901e-02
1.0679e-03 2.9691e-01 -7.3857e-02
1.0777e-03 3.0501e-01 -7.5866e-02
1.0877e-03 3.1333e-01 -7.7928e-02
1.0978e-03 3.2187e-01 -8.0047e-02
1.1080e-03 3.3064e-01 -8.2222e-02
1.1182e-03 3.3965e-01 -8.4456e-02
1.1286e-03 3.4891e-01 -8.6750e-02
1.1390e-03 3.5841e-01 -8.9105e-02
1.1496e-03 3.6817e-01 -9.1524e-02
1.1602e-03 3.7819e-01 -9.4008e-02
1.1709e-03 3.8849e-01 -9.6558e-02
1.1818e-03 3.9906e-01 -9.9177e-02
1.1927e-03 4.0991e-01 -1.0187e-01
1.2038e-03 4.2106e-01 -1.0463e-01
1.2149e-03 4.3251e-01 -1.0746e-01
1.2262e-03 4.4427e-01 -1.1037e-01
1.2375e-03 4.5634e-01 -1.1336e-01
1.2490e-03 4.6874e-01 -1.1643e-01
1.2605e-03 4.8147e-01 -1.1958e-01
1.2722e-03 4.9455e-01 -1.2282e-01
1.2840e-03 5.0798e-01 -1.2614e-01
1.2959e-03 5.2176e-01 -1.2955e-01
1.3079e-03 5.3592e-01 -1.3305e-01
1.3200e-03 5.5046e-01 -1.3665e-01
1.3322e-03 5.6539e-01 -1.4034e-01
1.3445e-03 5.8072e-01 -1.4413e-01
1.3570e-03 5.9645e-01 -1.4802e-01
1.3695e-03 6.1262e-01 -1.5202e-01
1.3822e-03 6.2921e-01 -1.5612e-01
1.3950e-03 6.4625e-01 -1.6033e-01
1.4079e-03 6.6375e-01 -1.6465e-01
1.4209e-03 6.8171e-01 -1.6908e-01
1.4341e-03 7.0016e-01 -1.7364e-01
1.4474e-03 7.1909e-01 -1.7831e-01
1.4608e-03 7.3854e-01 -1.8311e-01
1.4743e-03 7.5850e-01 -1.8804e-01
1.4879e-03 7.7899e-01 -1.9310e-01
1.5017e-03 8.0004e-01 -1.9829e-01
1.5156e-03 8.2164e-01 -2.0362e-01
1.5297e-03 8.4382e-01 -2.0909e-01
1.5438e-03 8.6659e-01 -2.1470e-01
1.5581e-03 8.8997e-01 -2.2047e-01
1.5725e-03 9.1397e-01 -2.2638e-01
1.5871e-03 9.3861e-01 -2.3245e-01
1.6018e-03 9.6391e-01 -2.3868e-01
1.6166e-03 9.8987e-01 -2.4508e-01
1.6316e-03 1.0165e+00 -2.5164e-01
1.6467e-03 1.0439e+00 -2.5838e-01
1.6619e-03 1.0720e+00 -2.6530e-01
1.6773e-03 1.1008e+00 -2.7239e-01
1.6928e-03 1.1304e+00 -2.7968e-01
1.7085e-03 1.1608e+00 -2.8715e-01
1.7243e-03 1.1920e+00 -2.9482e-01
1.7403e-03 1.2240e+00 -3.0269e-01
1.7564e-03 1.2569e+00 -3.1077e-01
1.7727e-03 1.2906e+00 -3.1906e-01
1.7891e-03 1.3252e+00 -3.2757e-01
1.8056e-03 1.3608e+00 -3.3630e-01
1.8223e-03 1.3972e+00 -3.4525e-01
1.8392e-03 1.4347e+00 -3.5444e-01
1.8562e-03 1.4731e+00 -3.6387e-01
1.8734e-03 1.5125e+00 -3.7355e-01
1.8908e-03 1.5530e+00 -3.8348e-01
1.9083e-03 1.5945e+00 -3.9367e-01
1.9259e-03 1.6372e+00 -4.0412e-01
1.9438e-03 1.6809e+00 -4.1484e-01
1.9618e-03 1.7258e+00 -4.2585e-01
1.9799e-03 1.7719e+00 -4.3713e-01
1.9983e-03 1.8192e+00 -4.4871e-01
2.0168e-03 1.8677e+00 -4.6059e-01
2.0354e-03 1.9175e+00 -4.7278e-01
2.0543e-03 1.9686e+00 -4.8529e-01
2.0733e-03 2.0210e+00 -4.9811e-01
2.0925e-03 2.0748e+00 -5.1127e-01
2.1118e-03 2.1300e+00 -5.2477e-01
2.1314e-03 2.1867e+00 -5.3861e-01
2.1511e-03 2.2448e+00 -5.5282e-01
2.1710e-03 2.3045e+00 -5.6739e-01
2.1911e-03 2.3657e+00 -5.8233e-01
2.2114e-03 2.4285e+00 -5.9765e-01
2.2319e-03 2.4929e+00 -6.1337e-01
2.2526e-03 2.5590e+00 -6.2949e-01
2.2734e-03 2.6268e+00 -6.4603e-01
2.2945e-03 2.6964e+00 -6.6299e-01
2.3157e-03 2.7677e+00 -6.8038e-01
2.3371e-03 2.8410e+00 -6.9821e-01
2.3588e-03 2.9161e+00 -7.1650e-01
2.3806e-03 2.9931e+00 -7.3526e-01
2.4026e-03 3.0722e+00 -7.5449e-01
2.4249e-03 3.1533e+00 -7.7421e-01
2.4473e-03 3.2364e+00 -7.9443e-01
2.4700e-03 3.3218e+00 -8.1517e-01
2.4929e-03 3.4093e+00 -8.3643e-01
2.5159e-03 3.4991e+00 -8.5823e-01
2.5392e-03 3.5911e+00 -8.8058e-01
2.5627e-03 3.6856e+00 -9.0350e-01
2.5865e-03 3.7824e+00 -9.2699e-01
2.6104e-03 3.8818e+00 -9.5108e-01
2.6346e-03 3.9837e+00 -9.7577e-01
2.6590e-03 4.0882e+00 -1.0011e+00
2.6836e-03 4.1953e+00 -1.0270e+00
2.7084e-03 4.3052e+00 -1.0536e+00
2.7335e-03 4.4180e+00 -1.0809e+00
2.7588e-03 4.5335e+00 -1.1088e+00
2.7843e-03 4.6521e+00 -1.1375e+00
2.8101e-03 4.7736e+00 -1.1669e+00
2.8361e-03 4.8982e+00 -1.1969e+00
2.8624e-03 5.0260e+00 -1.2278e+00
2.8889e-03 5.1570e+00 -1.2594e+00
2.9156e-03 5.2914e+00 -1.2918e+00
2.9426e-03 5.4291e+00 -1.3250e+00
2.9699e-03 5.5703e+00 -1.3590e+00
2.9974e-03 5.7151e+00 -1.3939e+00
3.0251e-03 5.8636e+00 -1.4296e+00
3.0531e-03 6.0158e+00 -1.4662e+00
3.0814e-03 6.1718e+00 -1.5037e+00
3.1099e-03 6.3317e+00 -1.5421e+00
3.1387e-03 6.4956e+00 -1.5815e+00
3.1677e-03 6.6637e+00 -1.6218e+00
3.1971e-03 6.8360e+00 -1.6632e+00
3.2267e-03 7.0126e+00 -1.7055e+00
3.2565e-03 7.1936e+00 -1.7489e+00
3.2867e-03 7.3791e+00 -1.7933e+00
3.3171e-03 7.5692e+00 -1.8388e+00
3.3478e-03 7.7641e+00 -1.8854e+00
3.3788e-03 7.9638e+00 -1.9332e+00
3.4101e-03 8.1685e+00 -1.9821e+00
3.4417e-03 8.3783e+00 -2.0321e+00
3.4735e-03 8.5932e+00 -2.0834e+00
3.5057e-03 8.8135e+00 -2.1360e+00
3.5381e-03 9.0392e+00 -2.1898e+00
3.5709e-03 9.2705e+00 -2.2449e+00
3.6039e-03 9.5075e+00 -2.3013e+00
3.6373e-03 9.7503e+00 -2.3590e+00
3.6710e-03 9.9991e+00 -2.4182e+00
3.7050e-03 1.0254e+01 -2.4787e+00
3.7393e-03 1.0515e+01 -2.5407e+00
3.7739e-03 1.0783e+01 -2.6042e+00
3.8088e-03 1.1057e+01 -2.6691e+00
3.8441e-03 1.1338e+01 -2.7357e+00
3.8797e-03 1.1625e+01 -2.8037e+00
3.9156e-03 1.1920e+01 -2.8734e+00
3.9518e-03 1.2222e+01 -2.9448e+00
3.9884e-03 1.2531e+01 -3.0178e+00
4.0253e-03 1.2847e+01 -3.0925e+00
4.0626e-03 1.3171e+01 -3.1690e+00
4.1002e-03 1.3504e+01 -3.2472e+00
4.1382e-03 1.3844e+01 -3.3273e+00
4.1765e-03 1.4192e+01 -3.4093e+00
4.2151e-03 1.4549e+01 -3.4931e+00
4.2542e-03 1.4914e+01 -3.5789e+00
4.2935e-03 1.5288e+01 -3.6667e+00
4.3333e-03 1.5670e+01 -3.7565e+00
4.3734e-03 1.6063e+01 -3.8484e+00
4.4139e-03 1.6464e+01 -3.9424e+00
4.4548e-03 1.6875e+01 -4.0385e+00
4.4960e-03 1.7296e+01 -4.1369e+00
4.5376e-03 1.7726e+01 -4.2375e+00
4.5796e-03 1.8167e+01 -4.3403e+00
4.6220e-03 1.8618e+01 -4.4456e+00
4.6648e-03 1.9080e+01 -4.5532e+00
4.7080e-03 1.9553e+01 -4.6632e+00
4.7516e-03 2.0037e+01 -4.7757e+00
4.7956e-03 2.0532e+01 -4.8908e+00
4.8400e-03 2.1039e+01 -5.0084e+00
4.8848e-03 2.1558e+01 -5.1287e+00
4.9300e-03 2.2089e+01 -5.2516e+00
4.9756e-03 2.2632e+01 -5.3773e+00
5.0217e-03 2.3187e+01 -5.5058e+00
5.0682e-03 2.3756e+01 -5.6371e+00
5.1151e-03 2.4338e+01 -5.7714e+00
5.1625e-03 2.4933e+01 -5.9085e+00
5.2102e-03 2.5542e+01 -6.0488e+00
5.2585e-03 2.6165e+01 -6.1920e+00
5.3072e-03 2.6802e+01 -6.3385e+00
5.3563e-03 2.7454e+01 -6.4881e+00
5.4059e-03 2.8121e+01 -6.6409e+00
5.4559e-03 2.8803e+01 -6.7971e+00
5.5064e-03 2.9500e+01 -6.9566e+00
5.5574e-03 3.0213e+01 -7.1196e+00
5.6089e-03 3.0943e+01 -7.2861e+00
5.6608e-03 3.1689e+01 -7.4562e+00
5.7132e-03 3.2451e+01 -7.6299e+00
5.7661e-03 3.3231e+01 -7.8072e+00
5.8195e-03 3.4029e+01 -7.9884e+00
5.8733e-03 3.4844e+01 -8.1734e+00
5.9277e-03 3.5677e+01 -8.3623e+00
5.9826e-03 3.6529e+01 -8.5551e+00
6.0380e-03 3.7400e+01 -8.7520e+00
6.0939e-03 3.8290e+01 -8.9530e+00
6.1503e-03 3.9200e+01 -9.1582e+00
6.2072e-03 4.0130e+01 -9.3676e+00
6.2647e-03 4.1080e+01 -9.5813e+00
6.3227e-03 4.2051e+01 -9.7995e+00
6.3812e-03 4.3044e+01 -1.0022e+01
6.4403e-03 4.4058e+01 -1.0249e+01
6.4999e-03 4.5094e+01 -1.0481e+01
6.5601e-03 4.6152e+01 -1.0718e+01
6.6208e-03 4.7234e+01 -1.0959e+01
6.6821e-03 4.8338e+01 -1.1205e+01
6.7440e-03 4.9467e+01 -1.1456e+01
6.8064e-03 5.0619e+01 -1.1712e+01
6.8694e-03 5.1796e+01 -1.1973e+01
6.9330e-03 5.2999e+01 -1.2240e+01
6.9972e-03 5.4226e+01 -1.2511e+01
7.0619e-03 5.5480e+01 -1.2788e+01
7.1273e-03 5.6760e+01 -1.3070e+01
7.1933e-03 5.8068e+01 -1.3358e+01
7.2599e-03 5.9402e+01 -1.3652e+01
7.3271e-03 6.0765e+01 -1.3951e+01
7.3949e-03 6.2155e+01 -1.4255e+01
7.4634e-03 6.3575e+01 -1.4566e+01
7.5325e-03 6.5024e+01 -1.4883e+01
7.6022e-03 6.6503e+01 -1.5205e+01
7.6726e-03 6.8012e+01 -1.5534e+01
7.7436e-03 6.9552e+01 -1.5868e+01
7.8153e-03 7.1124e+01 -1.6209e+01
7.8877e-03 7.2727e+01 -1.6557e+01
7.9607e-03 7.4363e+01 -1.6911e+01
8.0344e-03 7.6031e+01 -1.7271e+01
8.1088e-03 7.7733e+01 -1.7638e+01
8.1838e-03 7.9470e+01 -1.8011e+01
8.2596e-03 8.1241e+01 -1.8391e+01
8.3361e-03 8.3047e+01 -1.8778e+01
8.4132e-03 8.4888e+01 -1.9172e+01
8.4911e-03 8.6766e+01 -1.9573e+01
8.5697e-03 8.8681e+01 -1.9981e+01
8.6491e-03 9.0633e+01 -2.0397e+01
8.7291e-03 9.2623e+01 -2.0819e+01
8.8099e-03 9.4652e+01 -2.1249e+01
8.8915e-03 9.6719e+01 -2.1686e+01
8.9738e-03 9.8826e+01 -2.2131e+01
9.0569e-03 1.0097e+02 -2.2583e+01
9.1407e-03 1.0316e+02 -2.3043e+01
9.2253e-03 1.0539e+02 -2.3511e+01
9.3107e-03 1.0766e+02 -2.3986e+01
9.3969e-03 1.0998e+02 -2.4470e+01
9.4839e-03 1.1233e+02 -2.4961e+01
9.5717e-03 1.1473e+02 -2.5460e+01
9.6603e-03 1.1718e+02 -2.5967e+01
9.7498e-03 1.1967e+02 -2.6483e+01
9.8400e-03 1.2220e+02 -2.7007e+01
9.9311e-03 1.2478e+02 -2.7539e+01
1.0023e-02 1.2741e+02 -2.8079e+01
1.0116e-02 1.3008e+02 -2.8628e+01
1.0210e-02 1.3280e+02 -2.9185e+01
1.0304e-02 1.3557e+02 -2.9751e+01
1.0399e-02 1.3839e+02 -3.0325e+01
1.0496e-02 1.4126e+02 -3.0908e+01
1.0593e-02 1.4418e+02 -3.1500e+01
1.0691e-02 1.4715e+02 -3.2101e+01
1.0790e-02 1.5016e+02 -3.2710e+01
1.0890e-02 1.5323e+02 -3.3328e+01
1.0991e-02 1.5636e+02 -3.3955e+01
1.1092e-02 1.5953e+02 -3.4591e+01
1.1195e-02 1.6276e+02 -3.5236e+01
1.1299e-02 1.6604e+02 -3.5890e+01
1.1403e-02 1.6938e+02 -3.6552e+01
1.1509e-02 1.7276e+02 -3.7224e+01
1.1615e-02 1.7621e+02 -3.7905e+01
1.1723e-02 1.7971e+02 -3.8595e+01
1.1831e-02 1.8326e+02 -3.9294e+01
1.1941e-02 1.8687e+02 -4.0002e+01
1.2051e-02 1.9054e+02 -4.0719e+01
1.2163e-02 1.9427e+02 -4.1445e+01
1.2276e-02 1.9805e+02 -4.2180e+01
1.2389e-02 2.0189e+02 -4.2925e+01
1.2504e-02 2.0579e+02 -4.3678e+01
1.2620e-02 2.0975e+02 -4.4440e+01
1.2737e-02 2.1376e+02 -4.5212e+01
1.2854e-02 2.1784e+02 -4.5992e+01
1.2973e-02 2.2197e+02 -4.6781e+01
1.3094e-02 2.2617e+02 -4.7579e+01
1.3215e-02 2.3042e+02 -4.8386e+01
1.3337e-02 2.3474e+02 -4.9202e+01
1.3461e-02 2.3911e+02 -5.0027e+01
1.3585e-02 2.4355e+02 -5.0860e+01
1.3711e-02 2.4804e+02 -5.1702e+01
1.3838e-02 2.5260e+02 -5.2552e+01
1.3966e-02 2.5721e+02 -5.3411e+01
1.4095e-02 2.6189e+02 -5.4277e+01
1.4226e-02 2.6663e+02 -5.5153e+01
1.4357e-02 2.7143e+02 -5.6036e+01
1.4490e-02 2.7629e+02 -5.6927e+01
1.4625e-02 2.8121e+02 -5.7826e+01
1.4760e-02 2.8619e+02 -5.8733e+01
1.4897e-02 2.9123e+02 -5.9648e+01
1.5034e-02 2.9633e+02 -6.0570e+01
1.5174e-02 3.0149e+02 -6.1499e+01
1.5314e-02 3.0671e+02 -6.2435e+01
1.5456e-02 3.1199e+02 -6.3379e+01
1.5599e-02 3.1733e+02 -6.4329e+01
1.5743e-02 3.2273e+02 -6.5286e+01
1.5889e-02 3.2818e+02 -6.6250e+01
1.6036e-02 3.3369e+02 -6.7219e+01
1.6185e-02 3.3927e+02 -6.8195e+01
1.6335e-02 3.4490e+02 -6.9176e+01
1.6486e-02 3.5058e+02 -7.0164e+01
1.6638e-02 3.5632e+02 -7.1156e+01
1.6792e-02 3.6211e+02 -7.2154e+01
1.6948e-02 3.6796e+02 -7.3156e+01
1.7105e-02 3.7386e+02 -7.4163e+01
1.7263e-02 3.7982e+02 -7.5174e+01
1.7423e-02 3.8582e+02 -7.6190e+01
1.7584e-02 3.9188e+02 -7.7210e+01
1.7747e-02 3.9799e+02 -7.8232e+01
1.7911e-02 4.0414e+02 -7.9258e+01
1.8077e-02 4.1034e+02 -8.0287e+01
1.8244e-02 4.1659e+02 -8.1318e+01
1.8413e-02 4.2288e+02 -8.2352e+01
1.8584e-02 4.2922e+02 -8.3388e+01
1.8756e-02 4.3560e+02 -8.4425e+01
1.8929e-02 4.4202e+02 -8.5463e+01
1.9105e-02 4.4848e+02 -8.6502e+01
1.9282e-02 4.5498e+02 -8.7542e+01
1.9460e-02 4.6152e+02 -8.8582e+01
1.9640e-02 4.6809e+02 -8.9622e+01
1.9822e-02 4.7469e+02 -9.0660e+01
2.0006e-02 4.8133e+02 -9.1698e+01
2.0191e-02 4.8800e+02 -9.2735e+01
2.0378e-02 4.9469e+02 -9.3770e+01
2.0566e-02 5.0142e+02 -9.4803e+01
2.0757e-02 5.0816e+02 -9.5832e+01
2.0949e-02 5.1494e+02 -9.6860e+01
2.1143e-02 5.2173e+02 -9.7883e+01
2.1339e-02 5.2854e+02 -9.8902e+01
2.1536e-02 5.3537e+02 -9.9918e+01
2.1735e-02 5.4222e+02 -1.0093e+02
2.1937e-02 5.4907e+02 -1.0193e+02
2.2140e-02 5.5595e+02 -1.0293e+02
2.2345e-02 5.6282e+02 -1.0393e+02
2.2552e-02 5.6971e+02 -1.0492e+02
2.2760e-02 5.7659e+02 -1.0590e+02
2.2971e-02 5.8348e+02 -1.0687e+02
2.3184e-02 5.9038e+02 -1.0784e+02
2.3398e-02 5.9727e+02 -1.0879e+02
2.3615e-02 6.0415e+02 -1.0974e+02
2.3834e-02 6.1103e+02 -1.1068e+02
2.4054e-02 6.1789e+02 -1.1161e+02
2.4277e-02 6.2476e+02 -1.1253e+02
2.4502e-02 6.3160e+02 -1.1344e+02
2.4728e-02 6.3843e+02 -1.1434e+02
2.4957e-02 6.4524e+02 -1.1523e+02
2.5188e-02 6.5204e+02 -1.1611e+02
2.5422e-02 6.5881e+02 -1.1698e+02
2.5657e-02 6.6556e+02 -1.1783e+02
2.5894e-02 6.7227e+02 -1.1867e+02
2.6134e-02 6.7896e+02 -1.1950e+02
2.6376e-02 6.8563e+02 -1.2032e+02
2.6620e-02 6.9226e+02 -1.2112e+02
2.6867e-02 6.9886e+02 -1.2191e+02
2.7115e-02 7.0541e+02 -1.2269e+02
2.7366e-02 7.1194e+02 -1.2345e+02
2.7620e-02 7.1842e+02 -1.2419e+02
2.7875e-02 7.2487e+02 -1.2493e+02
2.8134e-02 7.3126e+02 -1.2564e+02
2.8394e-02 7.3763e+02 -1.2635e+02
2.8657e-02 7.4394e+02 -1.2703e+02
2.8922e-02 7.5021e+02 -1.2771e+02
2.9190e-02 7.5643e+02 -1.2836e+02
2.9460e-02 7.6260e+02 -1.2900e+02
2.9733e-02 7.6873e+02 -1.2963e+02
3.0008e-02 7.7480e+02 -1.3024e+02
3.0286e-02 7.8083e+02 -1.3083e+02
3.0566e-02 7.8681e+02 -1.3141e+02
3.0849e-02 7.9274e+02 -1.3198e+02
3.1135e-02 7.9862e+02 -1.3253e+02
3.1423e-02 8.0444e+02 -1.3306e+02
3.1714e-02 8.1023e+02 -1.3358e+02
3.2008e-02 8.1595e+02 -1.3408e+02
3.2304e-02 8.2164e+02 -1.3457e+02
3.2603e-02 8.2728e+02 -1.3504e+02
3.2905e-02 8.3287e+02 -1.3550e+02
3.3209e-02 8.3842e+02 -1.3595e+02
3.3517e-02 8.4393e+02 -1.3638e+02
3.3827e-02 8.4939e+02 -1.3680e+02
3.4140e-02 8.5483e+02 -1.3720e+02
3.4456e-02 8.6022e+02 -1.3760e+02
3.4775e-02 8.6558e+02 -1.3798e+02
3.5097e-02 8.7090e+02 -1.3834e+02
3.5422e-02 8.7621e+02 -1.3870e+02
3.5750e-02 8.8148e+02 -1.3905e+02
3.6081e-02 8.8674e+02 -1.3939e+02
3.6415e-02 8.9198e+02 -1.3971e+02
3.6752e-02 8.9720e+02 -1.4003e+02
3.7092e-02 9.0241e+02 -1.4034e+02
3.7436e-02 9.0763e+02 -1.4064e+02
3.7782e-02 9.1283e+02 -1.4094e+02
3.8132e-02 9.1805e+02 -1.4123e+02
3.8485e-02 9.2326e+02 -1.4151e+02
3.8841e-02 9.2850e+02 -1.4179e+02
3.9201e-02 9.3375e+02 -1.4206e+02
3.9564e-02 9.3902e+02 -1.4233e+02
3.9930e-02 9.4433e+02 -1.4260e+02
4.0300e-02 9.4967e+02 -1.4287e+02
4.0673e-02 9.5505e+02 -1.4313e+02
4.1049e-02 9.6048e+02 -1.4340e+02
4.1429e-02 9.6597e+02 -1.4366e+02
4.1813e-02 9.7151e+02 -1.4393e+02
4.2200e-02 9.7712e+02 -1.4420e+02
4.2591e-02 9.8280e+02 -1.4447e+02
4.2985e-02 9.8856e+02 -1.4474e+02
4.3383e-02 9.9440e+02 -1.4502e+02
4.3785e-02 1.0003e+03 -1.4530e+02
4.4190e-02 1.0063e+03 -1.4559e+02
4.4599e-02 1.0125e+03 -1.4589e+02
4.5012e-02 1.0187e+03 -1.4619e+02
4.5429e-02 1.0250e+03 -1.4649e+02
4.5849e-02 1.0315e+03 -1.4681e+02
4.6274e-02 1.0381e+03 -1.4713e+02
4.6702e-02 1.0448e+03 -1.4747e+02
4.7134e-02 1.0516e+03 -1.4781e+02
4.7571e-02 1.0586e+03 -1.4816e+02
4.8011e-02 1.0657e+03 -1.4851e+02
4.8455e-02 1.0730e+03 -1.4888e+02
4.8904e-02 1.0804e+03 -1.4926e+02
4.9357e-02 1.0879e+03 -1.4965e+02
4.9814e-02 1.0956e+03 -1.5005e+02
5.0275e-02 1.1035e+03 -1.5045e+02
5.0740e-02 1.1115e+03 -1.5087e+02
5.1210e-02 1.1196e+03 -1.5129e+02
5.1684e-02 1.1279e+03 -1.5173e+02
5.2163e-02 1.1364e+03 -1.5216e+02
5.2645e-02 1.1449e+03 -1.5261e+02
5.3133e-02 1.1536e+03 -1.5306e+02
5.3625e-02 1.1625e+03 -1.5351e+02
5.4121e-02 1.1715e+03 -1.5397e+02
5.4622e-02 1.1805e+03 -1.5444e+02
5.5128e-02 1.1897e+03 -1.5490e+02
5.5638e-02 1.1990e+03 -1.5536e+02
5.6153e-02 1.2084e+03 -1.5582e+02
5.6673e-02 1.2179e+03 -1.5627e+02
5.7198e-02 1.2274e+03 -1.5672e+02
5.7727e-02 1.2369e+03 -1.5717e+02
5.8262e-02 1.2465e+03 -1.5760e+02
5.8801e-02 1.2562e+03 -1.5802e+02
5.9345e-02 1.2658e+03 -1.5842e+02
5.9895e-02 1.2754e+03 -1.5881e+02
6.0449e-02 1.2849e+03 -1.5918e+02
6.1009e-02 1.2944e+03 -1.5953e+02
6.1574e-02 1.3038e+03 -1.5985e+02
6.2144e-02 1.3130e+03 -1.6014e+02
6.2719e-02 1.3222e+03 -1.6041e+02
6.3300e-02 1.3311e+03 -1.6064e+02
6.3886e-02 1.3399e+03 -1.6083e+02
6.4477e-02 1.3484e+03 -1.6099e+02
6.5074e-02 1.3567e+03 -1.6110e+02
6.5676e-02 1.3648e+03 -1.6117e+02
6.6284e-02 1.3725e+03 -1.6119e+02
6.6898e-02 1.3798e+03 -1.6116e+02
6.7517e-02 1.3868e+03 -1.6108e+02
6.8142e-02 1.3935e+03 -1.6094e+02
6.8773e-02 1.3997e+03 -1.6075e+02
6.9410e-02 1.4054e+03 -1.6049e+02
7.0052e-02 1.4107e+03 -1.6018e+02
7.0701e-02 1.4155e+03 -1.5980e+02
7.1355e-02 1.4198e+03 -1.5935e+02
7.2016e-02 1.4235e+03 -1.5884e+02
7.2683e-02 1.4267e+03 -1.5827e+02
7.3356e-02 1.4293e+03 -1.5763e+02
7.4035e-02 1.4314e+03 -1.5692e+02
7.4720e-02 1.4329e+03 -1.5615e+02
7.5412e-02 1.4338e+03 -1.5530e+02
7.6110e-02 1.4341e+03 -1.5440e+02
7.6814e-02 1.4338e+03 -1.5343e+02
7.7526e-02 1.4329e+03 -1.5240e+02
7.8243e-02 1.4314e+03 -1.5131e+02
7.8968e-02 1.4293e+03 -1.5016e+02
7.9699e-02 1.4267e+03 -1.4896e+02
8.0436e-02 1.4236e+03 -1.4770e+02
8.1181e-02 1.4199e+03 -1.4639e+02
8.1933e-02 1.4157e+03 -1.4504e+02
8.2691e-02 1.4110e+03 -1.4365e+02
8.3457e-02 1.4060e+03 -1.4222e+02
8.4229e-02 1.4006e+03 -1.4076e+02
8.5009e-02 1.3948e+03 -1.3928e+02
8.5796e-02 1.3887e+03 -1.3777e+02
8.6590e-02 1.3824e+03 -1.3625e+02
8.7392e-02 1.3759e+03 -1.3473e+02
8.8201e-02 1.3693e+03 -1.3319e+02
8.9017e-02 1.3626e+03 -1.3166e+02
8.9841e-02 1.3558e+03 -1.3014e+02
9.0673e-02 1.3491e+03 -1.2863e+02
9.1513e-02 1.3426e+03 -1.2714e+02
9.2360e-02 1.3362e+03 -1.2567e+02
9.3215e-02 1.3300e+03 -1.2424e+02
9.4078e-02 1.3240e+03 -1.2283e+02
9.4949e-02 1.3184e+03 -1.2147e+02
9.5828e-02 1.3132e+03 -1.2014e+02
9.6715e-02 1.3083e+03 -1.1886e+02
9.7610e-02 1.3040e+03 -1.1764e+02
9.8514e-02 1.3002e+03 -1.1646e+02
9.9426e-02 1.2970e+03 -1.1535e+02
1.0035e-01 1.2944e+03 -1.1429e+02
1.0128e-01 1.2924e+03 -1.1329e+02
1.0221e-01 1.2910e+03 -1.1235e+02
1.0316e-01 1.2903e+03 -1.1147e+02
1.0411e-01 1.2902e+03 -1.1064e+02
1.0508e-01 1.2908e+03 -1.0987e+02
1.0605e-01 1.2920e+03 -1.0916e+02
1.0703e-01 1.2939e+03 -1.0849e+02
1.0802e-01 1.2965e+03 -1.0789e+02
1.0902e-01 1.2996e+03 -1.0732e+02
1.1003e-01 1.3032e+03 -1.0679e+02
1.1105e-01 1.3074e+03 -1.0630e+02
1.1208e-01 1.3119e+03 -1.0583e+02
1.1312e-01 1.3167e+03 -1.0539e+02
1.1416e-01 1.3219e+03 -1.0496e+02
1.1522e-01 1.3272e+03 -1.0455e+02
1.1629e-01 1.3327e+03 -1.0413e+02
1.1736e-01 1.3381e+03 -1.0371e+02
1.1845e-01 1.3434e+03 -1.0327e+02
1.1955e-01 1.3486e+03 -1.0281e+02
1.2065e-01 1.3534e+03 -1.0232e+02
1.2177e-01 1.3577e+03 -1.0178e+02
1.2290e-01 1.3615e+03 -1.0120e+02
1.2404e-01 1.3646e+03 -1.0057e+02
1.2518e-01 1.3670e+03 -9.9883e+01
1.2634e-01 1.3686e+03 -9.9133e+01
1.2751e-01 1.3693e+03 -9.8316e+01
1.2869e-01 1.3689e+03 -9.7427e+01
1.2988e-01 1.3675e+03 -9.6463e+01
1.3109e-01 1.3650e+03 -9.5424e+01
1.3230e-01 1.3614e+03 -9.4311e+01
1.3353e-01 1.3566e+03 -9.3129e+01
1.3476e-01 1.3508e+03 -9.1880e+01
1.3601e-01 1.3439e+03 -9.0566e+01
1.3727e-01 1.3360e+03 -8.9190e+01
1.3854e-01 1.3270e+03 -8.7760e+01
1.3982e-01 1.3172e+03 -8.6285e+01
1.4112e-01 1.3066e+03 -8.4774e+01
1.4242e-01 1.2954e+03 -8.3237e+01
1.4374e-01 1.2837e+03 -8.1681e+01
1.4507e-01 1.2716e+03 -8.0118e+01
1.4641e-01 1.2592e+03 -7.8555e+01
1.4777e-01 1.2468e+03 -7.7003e+01
1.4914e-01 1.2344e+03 -7.5475e+01
1.5052e-01 1.2223e+03 -7.3974e+01
1.5191e-01 1.2106e+03 -7.2515e+01
1.5332e-01 1.1994e+03 -7.1102e+01
1.5474e-01 1.1888e+03 -6.9742e+01
1.5617e-01 1.1790e+03 -6.8440e+01
1.5762e-01 1.1700e+03 -6.7200e+01
1.5907e-01 1.1621e+03 -6.6026e+01
1.6055e-01 1.1551e+03 -6.4922e+01
1.6203e-01 1.1492e+03 -6.3886e+01
1.6353e-01 1.1443e+03 -6.2915e+01
1.6505e-01 1.1405e+03 -6.2007e+01
1.6658e-01 1.1377e+03 -6.1158e+01
1.6812e-01 1.1358e+03 -6.0365e+01
1.6967e-01 1.1348e+03 -5.9620e+01
1.7124e-01 1.1346e+03 -5.8917e+01
1.7283e-01 1.1349e+03 -5.8244e+01
1.7443e-01 1.1357e+03 -5.7595e+01
1.7604e-01 1.1367e+03 -5.6960e+01
1.7767e-01 1.1379e+03 -5.6331e+01
1.7932e-01 1.1390e+03 -5.5696e+01
1.8098e-01 1.1399e+03 -5.5049e+01
1.8265e-01 1.1403e+03 -5.4380e+01
1.8435e-01 1.1400e+03 -5.3679e+01
1.8605e-01 1.1389e+03 -5.2944e+01
1.8777e-01 1.1370e+03 -5.2169e+01
1.8951e-01 1.1339e+03 -5.1350e+01
1.9127e-01 1.1298e+03 -5.0483e+01
1.9304e-01 1.1244e+03 -4.9571e+01
1.9483e-01 1.1179e+03 -4.8617e+01
1.9663e-01 1.1103e+03 -4.7622e+01
1.9845e-01 1.1016e+03 -4.6593e+01
2.0029e-01 1.0919e+03 -4.5534e+01
2.0214e-01 1.0814e+03 -4.4454e+01
2.0401e-01 1.0703e+03 -4.3362e+01
2.0590e-01 1.0587e+03 -4.2267e+01
2.0781e-01 1.0469e+03 -4.1176e+01
2.0973e-01 1.0350e+03 -4.0097e+01
2.1167e-01 1.0233e+03 -3.9041e+01
2.1363e-01 1.0120e+03 -3.8013e+01
2.1561e-01 1.0012e+03 -3.7020e+01
2.1760e-01 9.9109e+02 -3.6066e+01
2.1962e-01 9.8183e+02 -3.5155e+01
2.2165e-01 9.7351e+02 -3.4288e+01
2.2370e-01 9.6618e+02 -3.3467e+01
2.2578e-01 9.5980e+02 -3.2687e+01
2.2787e-01 9.5439e+02 -3.1949e+01
2.2998e-01 9.4989e+02 -3.1247e+01
2.3210e-01 9.4617e+02 -3.0577e+01
2.3425e-01 9.4307e+02 -2.9932e+01
2.3642e-01 9.4044e+02 -2.9306e+01
2.3861e-01 9.3808e+02 -2.8692e+01
2.4082e-01 9.3580e+02 -2.8084e+01
2.4305e-01 9.3339e+02 -2.7476e+01
2.4530e-01 9.3063e+02 -2.6862e+01
2.4757e-01 9.2736e+02 -2.6237e+01
2.4986e-01 9.2346e+02 -2.5599e+01
2.5217e-01 9.1876e+02 -2.4945e+01
2.5451e-01 9.1321e+02 -2.4275e+01
2.5686e-01 9.0680e+02 -2.3590e+01
2.5924e-01 8.9955e+02 -2.2891e+01
2.6164e-01 8.9151e+02 -2.2182e+01
2.6407e-01 8.8282e+02 -2.1468e+01
2.6651e-01 8.7364e+02 -2.0752e+01
2.6898e-01 8.6412e+02 -2.0040e+01
2.7147e-01 8.5447e+02 -1.9336e+01
2.7398e-01 8.4487e+02 -1.8645e+01
2.7652e-01 8.3552e+02 -1.7972e+01
2.7908e-01 8.2657e+02 -1.7318e+01
2.8166e-01 8.1815e+02 -1.6686e+01
2.8427e-01 8.1038e+02 -1.6077e+01
2.8690e-01 8.0328e+02 -1.5490e+01
2.8955e-01 7.9688e+02 -1.4925e+01
2.9224e-01 7.9112e+02 -1.4380e+01
2.9494e-01 7.8594e+02 -1.3853e+01
2.9767e-01 7.8120e+02 -1.3339e+01
3.0043e-01 7.7676e+02 -1.2837e+01
3.0321e-01 7.7247e+02 -1.2342e+01
3.0602e-01 7.6815e+02 -1.1853e+01
3.0885e-01 7.6365e+02 -1.1367e+01
3.1171e-01 7.5883e+02 -1.0881e+01
3.1459e-01 7.5359e+02 -1.0396e+01
3.1751e-01 7.4786e+02 -9.9116e+00
3.2044e-01 7.4162e+02 -9.4273e+00
3.2341e-01 7.3488e+02 -8.9445e+00
3.2641e-01 7.2773e+02 -8.4650e+00
3.2943e-01 7.2024e+02 -7.9903e+00
3.3248e-01 7.1256e+02 -7.5225e+00
3.3555e-01 7.0481e+02 -7.0630e+00
3.3866e-01 6.9714e+02 -6.6133e+00
3.4180e-01 6.8966e+02 -6.1744e+00
3.4496e-01 6.8249e+02 -5.7469e+00
3.4815e-01 6.7569e+02 -5.3307e+00
3.5138e-01 6.6930e+02 -4.9254e+00
3.5463e-01 6.6331e+02 -4.5305e+00
3.5791e-01 6.5769e+02 -4.1450e+00
3.6123e-01 6.5235e+02 -3.7678e+00
3.6457e-01 6.4720e+02 -3.3980e+00
3.6794e-01 6.4213e+02 -3.0347e+00
3.7135e-01 6.3704e+02 -2.6774e+00
3.7479e-01 6.3183e+02 -2.3257e+00
3.7826e-01 6.2642e+02 -1.9795e+00
3.8176e-01 6.2078e+02 -1.6391e+00
3.8529e-01 6.1489e+02 -1.3047e+00
3.8886e-01 6.0876e+02 -9.7676e-01
3.9246e-01 6.0244e+02 -6.5566e-01
3.9609e-01 5.9603e+02 -3.4173e-01
3.9976e-01 5.8959e+02 -3.5097e-02
4.0346e-01 5.8322e+02 2.6427e-01
4.0720e-01 5.7697e+02 5.5654e-01
4.1097e-01 5.7092e+02 8.4204e-01
4.1477e-01 5.6508e+02 1.1211e+00
4.1861e-01 5.5946e+02 1.3941e+00
4.2249e-01 5.5405e+02 1.6614e+00
4.2640e-01 5.4878e+02 1.9231e+00
4.3035e-01 5.4363e+02 2.1792e+00
4.3433e-01 5.3849e+02 2.4296e+00
4.3835e-01 5.3335e+02 2.6742e+00
4.4241e-01 5.2813e+02 2.9125e+00
4.4650e-01 5.2282e+02 3.1445e+00
4.5064e-01 5.1742e+02 3.3699e+00
4.5481e-01 5.1193e+02 3.5887e+00
4.5902e-01 5.0639e+02 3.8012e+00
4.6327e-01 5.0084e+02 4.0074e+00
4.6756e-01 4.9533e+02 4.2079e+00
4.7189e-01 4.8990e+02 4.4030e+00
4.7625e-01 4.8457e+02 4.5932e+00
4.8066e-01 4.7937e+02 4.7789e+00
4.8511e-01 4.7428e+02 4.9601e+00
4.8960e-01 4.6930e+02 5.1370e+00
4.9414e-01 4.6438e+02 5.3091e+00
4.9871e-01 4.5951e+02 5.4765e+00
5.0333e-01 4.5465e+02 5.6388e+00
5.0799e-01 4.4978e+02 5.7957e+00
5.1269e-01 4.4490e+02 5.9472e+00
5.1744e-01 4.4000e+02 6.0931e+00
5.2223e-01 4.3508e+02 6.2337e+00
5.2706e-01 4.3018e+02 6.3692e+00
5.3194e-01 4.2530e+02 6.4999e+00
5.3686e-01 4.2048e+02 6.6264e+00
5.4183e-01 4.1573e+02 6.7489e+00
5.4685e-01 4.1104e+02 6.8675e+00
5.5191e-01 4.0643e+02 6.9825e+00
5.5702e-01 4.0187e+02 7.0935e+00
5.6218e-01 3.9736e+02 7.2006e+00
5.6738e-01 3.9289e+02 7.3037e+00
5.7264e-01 3.8843e+02 7.4025e+00
5.7794e-01 3.8399e+02 7.4969e+00
5.8329e-01 3.7955e+02 7.5869e+00
5.8869e-01 3.7514e+02 7.6728e+00
5.9414e-01 3.7076e+02 7.7548e+00
5.9964e-01 3.6641e+02 7.8330e+00
6.0519e-01 3.6211e+02 7.9079e+00
6.1079e-01 3.5785e+02 7.9794e+00
6.1645e-01 3.5365e+02 8.0477e+00
6.2215e-01 3.4949e+02 8.1128e+00
6.2791e-01 3.4537e+02 8.1746e+00
6.3373e-01 3.4129e+02 8.2330e+00
6.3959e-01 3.3723e+02 8.2882e+00
6.4551e-01 3.3320e+02 8.3398e+00
6.5149e-01 3.2920e+02 8.3882e+00
6.5752e-01 3.2523e+02 8.4334e+00
6.6361e-01 3.2130e+02 8.4756e+00
6.6975e-01 3.1740e+02 8.5148e+00
6.7595e-01 3.1354e+02 8.5513e+00
6.8221e-01 3.0973e+02 8.5851e+00
6.8852e-01 3.0595e+02 8.6162e+00
6.9490e-01 3.0221e+02 8.6447e+00
7.0133e-01 2.9850e+02 8.6704e+00
7.0782e-01 2.9482e+02 8.6935e+00
7.1438e-01 2.9117e+02 8.7138e+00
7.2099e-01 2.8756e+02 8.7318e+00
7.2766e-01 2.8398e+02 8.7471e+00
7.3440e-01 2.8044e+02 8.7602e+00
7.4120e-01 2.7693e+02 8.7709e+00
7.4806e-01 2.7345e+02 8.7794e+00
7.5499e-01 2.7001e+02 8.7857e+00
7.6198e-01 2.6661e+02 8.7898e+00
7.6903e-01 2.6323e+02 8.7918e+00
7.7615e-01 2.5989e+02 8.7917e+00
7.8333e-01 2.5658e+02 8.7896e+00
7.9059e-01 2.5331e+02 8.7853e+00
7.9790e-01 2.5006e+02 8.7792e+00
8.0529e-01 2.4685e+02 8.7711e+00
8.1275e-01 2.4368e+02 8.7614e+00
8.2027e-01 2.4053e+02 8.7498e+00
8.2786e-01 2.3742e+02 8.7364e+00
8.3553e-01 2.3434e+02 8.7213e+00
8.4326e-01 2.3129e+02 8.7047e+00
8.5107e-01 2.2827e+02 8.6863e+00
8.5895e-01 2.2528e+02 8.6665e+00
8.6690e-01 2.2233e+02 8.6450e+00
8.7493e-01 2.1940e+02 8.6221e+00
8.8302e-01 2.1651e+02 8.5977e+00
8.9120e-01 2.1365e+02 8.5721e+00
8.9945e-01 2.1082e+02 8.5450e+00
9.0778e-01 2.0802e+02 8.5167e+00
9.1618e-01 2.0525e+02 8.4870e+00
9.2466e-01 2.0251e+02 8.4561e+00
9.3322e-01 1.9980e+02 8.4241e+00
9.4186e-01 1.9712e+02 8.3909e+00
9.5058e-01 1.9447e+02 8.3566e+00
9.5938e-01 1.9185e+02 8.3211e+00
9.6826e-01 1.8925e+02 8.2846e+00
9.7723e-01 1.8669e+02 8.2471e+00
9.8627e-01 1.8416e+02 8.2087e+00
9.9540e-01 1.8165e+02 8.1692e+00
1.0046e+00 1.7917e+02 8.1290e+00
1.0139e+00 1.7672e+02 8.0876e+00
1.0233e+00 1.7430e+02 8.0456e+00
1.0328e+00 1.7190e+02 8.0025e+00
1.0423e+00 1.6954e+02 7.9590e+00
1.0520e+00 1.6720e+02 7.9145e+00
1.0617e+00 1.6488e+02 7.8693e+00
1.0716e+00 1.6259e+02 7.8233e+00
1.0815e+00 1.6034e+02 7.7769e+00
1.0915e+00 1.5811e+02 7.7297e+00
1.1016e+00 1.5589e+02 7.6817e+00
1.1118e+00 1.5372e+02 7.6335e+00
1.1221e+00 1.5156e+02 7.5845e+00
1.1325e+00 1.4943e+02 7.5348e+00
1.1430e+00 1.4733e+02 7.4851e+00
1.1535e+00 1.4525e+02 7.4346e+00
1.1642e+00 1.4319e+02 7.3836e+00
1.1750e+00 1.4116e+02 7.3323e+00
1.1859e+00 1.3915e+02 7.2805e+00
1.1968e+00 1.3718e+02 7.2285e+00
1.2079e+00 1.3522e+02 7.1759e+00
1.2191e+00 1.3328e+02 7.1231e+00
1.2304e+00 1.3137e+02 7.0699e+00
1.2418e+00 1.2949e+02 7.0166e+00
1.2533e+00 1.2762e+02 6.9628e+00
1.2649e+00 1.2579e+02 6.9089e+00
1.2766e+00 1.2397e+02 6.8546e+00
1.2884e+00 1.2218e+02 6.8003e+00
1.3003e+00 1.2040e+02 6.7457e+00
1.3124e+00 1.1865e+02 6.6909e+00
1.3245e+00 1.1692e+02 6.6360e+00
1.3368e+00 1.1522e+02 6.5809e+00
1.3492e+00 1.1354e+02 6.5258e+00
1.3617e+00 1.1187e+02 6.4705e+00
1.3743e+00 1.1023e+02 6.4151e+00
1.3870e+00 1.0861e+02 6.3598e+00
1.3998e+00 1.0701e+02 6.3043e+00
1.4128e+00 1.0543e+02 6.2488e+00
1.4259e+00 1.0387e+02 6.1932e+00
1.4391e+00 1.0234e+02 6.1377e+00
1.4524e+00 1.0082e+02 6.0822e+00
1.4658e+00 9.9318e+01 6.0267e+00
1.4794e+00 9.7839e+01 5.9712e+00
1.4931e+00 9.6379e+01 5.9158e+00
1.5069e+00 9.4937e+01 5.8604e+00
1.5209e+00 9.3515e+01 5.8051e+00
1.5349e+00 9.2112e+01 5.7499e+00
1.5492e+00 9.0725e+01 5.6946e+00
1.5635e+00 8.9358e+01 5.6396e+00
1.5780e+00 8.8011e+01 5.5847e+00
1.5926e+00 8.6681e+01 5.5300e+00
1.6073e+00 8.5368e+01 5.4753e+00
1.6222e+00 8.4072e+01 5.4207e+00
1.6372e+00 8.2796e+01 5.3665e+00
1.6524e+00 8.1533e+01 5.3122e+00
1.6677e+00 8.0291e+01 5.2583e+00
1.6831e+00 7.9065e+01 5.2045e+00
1.6987e+00 7.7856e+01 5.1510e+00
1.7144e+00 7.6661e+01 5.0974e+00
1.7303e+00 7.5484e+01 5.0443e+00
1.7463e+00 7.4323e+01 4.9913e+00
1.7625e+00 7.3179e+01 4.9386e+00
1.7788e+00 7.2050e+01 4.8862e+00
1.7953e+00 7.0936e+01 4.8339e+00
1.8119e+00 6.9838e+01 4.7819e+00
1.8287e+00 6.8756e+01 4.7302e+00
1.8456e+00 6.7687e+01 4.6787e+00
1.8627e+00 6.6636e+01 4.6276e+00
1.8799e+00 6.5596e+01 4.5766e+00
1.8973e+00 6.4572e+01 4.5259e+00
1.9149e+00 6.3563e+01 4.4756e+00
1.9326e+00 6.2569e+01 4.4256e+00
1.9505e+00 6.1588e+01 4.3758e+00
1.9686e+00 6.0620e+01 4.3263e+00
1.9868e+00 5.9668e+01 4.2772e+00
2.0052e+00 5.8726e+01 4.2282e+00
2.0237e+00 5.7800e+01 4.1798e+00
2.0425e+00 5.6886e+01 4.1315e+00
2.0614e+00 5.5985e+01 4.0835e+00
2.0805e+00 5.5099e+01 4.0360e+00
2.0997e+00 5.4224e+01 3.9887e+00
2.1192e+00 5.3361e+01 3.9418e+00
2.1388e+00 5.2512e+01 3.8952e+00
2.1586e+00 5.1674e+01 3.8489e+00
2.1786e+00 5.0849e+01 3.8030e+00
2.1987e+00 5.0036e+01 3.7575e+00
2.2191e+00 4.9233e+01 3.7122e+00
2.2396e+00 4.8443e+01 3.6673e+00
2.2604e+00 4.7665e+01 3.6227e+00
2.2813e+00 4.6899e+01 3.5786e+00
2.3024e+00 4.6142e+01 3.5347e+00
2.3237e+00 4.5399e+01 3.4913e+00
2.3452e+00 4.4665e+01 3.4482e+00
2.3669e+00 4.3942e+01 3.4054e+00
2.3889e+00 4.3230e+01 3.3630e+00
2.4110e+00 4.2529e+01 3.3210e+00
2.4333e+00 4.1838e+01 3.2793e+00
2.4558e+00 4.1157e+01 3.2380e+00
2.4785e+00 4.0487e+01 3.1970e+00
2.5015e+00 3.9826e+01 3.1564e+00
2.5246e+00 3.9176e+01 3.1162e+00
2.5480e+00 3.8535e+01 3.0763e+00
2.5716e+00 3.7903e+01 3.0368e+00
2.5954e+00 3.7282e+01 2.9977e+00
2.6194e+00 3.6669e+01 2.9589e+00
2.6437e+00 3.6067e+01 2.9205e+00
2.6682e+00 3.5472e+01 2.8824e+00
2.6929e+00 3.4887e+01 2.8447e+00
2.7178e+00 3.4311e+01 2.8074e+00
2.7430e+00 3.3744e+01 2.7704e+00
2.7684e+00 3.3185e+01 2.7338e+00
2.7940e+00 3.2635e+01 2.6975e+00
2.8198e+00 3.2094e+01 2.6617e+00
2.8459e+00 3.1560e+01 2.6261e+00
2.8723e+00 3.1035e+01 2.5909e+00
2.8989e+00 3.0518e+01 2.5561e+00
2.9257e+00 3.0008e+01 2.5216e+00
2.9528e+00 2.9507e+01 2.4875e+00
2.9801e+00 2.9013e+01 2.4538e+00
3.0077e+00 2.8528e+01 2.4204e+00
3.0356e+00 2.8049e+01 2.3873e+00
3.0637e+00 2.7579e+01 2.3546e+00
3.0920e+00 2.7115e+01 2.3223e+00
3.1207e+00 2.6659e+01 2.2903e+00
3.1496e+00 2.6210e+01 2.2586e+00
3.1787e+00 2.5768e+01 2.2273e+00
3.2081e+00 2.5332e+01 2.1963e+00
3.2378e+00 2.4905e+01 2.1657e+00
3.2678e+00 2.4483e+01 2.1354e+00
3.2981e+00 2.4068e+01 2.1054e+00
3.3286e+00 2.3660e+01 2.0758e+00
3.3594e+00 2.3258e+01 2.0465e+00
3.3905e+00 2.2862e+01 2.0176e+00
3.4219e+00 2.2473e+01 1.9889e+00
3.4536e+00 2.2090e+01 1.9606e+00
3.4855e+00 2.1713e+01 1.9326e+00
3.5178e+00 2.1341e+01 1.9050e+00
3.5504e+00 2.0977e+01 1.8777e+00
3.5833e+00 2.0618e+01 1.8507e+00
3.6164e+00 2.0264e+01 1.8240e+00
3.6499e+00 1.9916e+01 1.7976e+00
3.6837e+00 1.9574e+01 1.7715e+00
3.7178e+00 1.9237e+01 1.7458e+00
3.7522e+00 1.8906e+01 1.7203e+00
3.7869e+00 1.8580e+01 1.6952e+00
3.8220e+00 1.8260e+01 1.6704e+00
3.8574e+00 1.7944e+01 1.6458e+00
3.8931e+00 1.7634e+01 1.6216e+00
3.9291e+00 1.7329e+01 1.5977e+00
3.9655e+00 1.7028e+01 1.5741e+00
4.0022e+00 1.6733e+01 1.5507e+00
4.0393e+00 1.6442e+01 1.5277e+00
4.0767e+00 1.6157e+01 1.5049e+00
4.1144e+00 1.5875e+01 1.4824e+00
4.1525e+00 1.5599e+01 1.4602e+00
4.1909e+00 1.5327e+01 1.4383e+00
4.2297e+00 1.5059e+01 1.4166e+00
4.2689e+00 1.4796e+01 1.3953e+00
4.3084e+00 1.4537e+01 1.3742e+00
4.3483e+00 1.4283e+01 1.3534e+00
4.3886e+00 1.4032e+01 1.3328e+00
4.4292e+00 1.3786e+01 1.3126e+00
4.4702e+00 1.3544e+01 1.2925e+00
4.5116e+00 1.3306e+01 1.2728e+00
4.5533e+00 1.3072e+01 1.2533e+00
4.5955e+00 1.2842e+01 1.2341e+00
4.6380e+00 1.2615e+01 1.2151e+00
4.6810e+00 1.2393e+01 1.1964e+00
4.7243e+00 1.2174e+01 1.1779e+00
4.7680e+00 1.1958e+01 1.1596e+00
4.8122e+00 1.1747e+01 1.1416e+00
4.8567e+00 1.1539e+01 1.1239e+00
4.9017e+00 1.1334e+01 1.1064e+00
4.9471e+00 1.1133e+01 1.0891e+00
4.9929e+00 1.0935e+01 1.0721e+00
5.0391e+00 1.0740e+01 1.0553e+00
5.0857e+00 1.0549e+01 1.0387e+00
5.1328e+00 1.0361e+01 1.0223e+00
5.1803e+00 1.0176e+01 1.0062e+00
5.2283e+00 9.9949e+00 9.9033e-01
5.2767e+00 9.8166e+00 9.7468e-01
5.3255e+00 9.6414e+00 9.5925e-01
5.3748e+00 9.4692e+00 9.4405e-01
5.4246e+00 9.3001e+00 9.2906e-01
5.4748e+00 9.1339e+00 9.1430e-01
5.5255e+00 8.9706e+00 8.9975e-01
5.5766e+00 8.8101e+00 8.8541e-01
5.6283e+00 8.6525e+00 8.7128e-01
5.6804e+00 8.4976e+00 8.5736e-01
5.7330e+00 8.3455e+00 8.4365e-01
5.7860e+00 8.1960e+00 8.3014e-01
5.8396e+00 8.0491e+00 8.1682e-01
5.8937e+00 7.9048e+00 8.0370e-01
5.9482e+00 7.7631e+00 7.9078e-01
6.0033e+00 7.6238e+00 7.7805e-01
6.0589e+00 7.4870e+00 7.6551e-01
6.1150e+00 7.3525e+00 7.5316e-01
6.1716e+00 7.2205e+00 7.4099e-01
6.2287e+00 7.0907e+00 7.2900e-01
6.2864e+00 6.9633e+00 7.1719e-01
6.3446e+00 6.8381e+00 7.0556e-01
6.4033e+00 6.7150e+00 6.9410e-01
6.4626e+00 6.5942e+00 6.8282e-01
6.5224e+00 6.4755e+00 6.7171e-01
6.5828e+00 6.3589e+00 6.6077e-01
6.6437e+00 6.2443e+00 6.4999e-01
6.7052e+00 6.1318e+00 6.3937e-01
6.7673e+00 6.0213e+00 6.2892e-01
6.8299e+00 5.9127e+00 6.1863e-01
6.8932e+00 5.8060e+00 6.0849e-01
6.9570e+00 5.7012e+00 5.9851e-01
7.0214e+00 5.5983e+00 5.8868e-01
7.0864e+00 5.4972e+00 5.7901e-01
7.1520e+00 5.3979e+00 5.6948e-01
7.2182e+00 5.3003e+00 5.6010e-01
7.2850e+00 5.2045e+00 5.5086e-01
7.3525e+00 5.1104e+00 5.4177e-01
7.4205e+00 5.0179e+00 5.3281e-01
7.4892e+00 4.9271e+00 5.2400e-01
7.5586e+00 4.8379e+00 5.1532e-01
7.6285e+00 4.7503e+00 5.0678e-01
7.6992e+00 4.6643e+00 4.9837e-01
7.7704e+00 4.5797e+00 4.9010e-01
7.8424e+00 4.4967e+00 4.8195e-01
7.9150e+00 4.4152e+00 4.7393e-01
7.9882e+00 4.3351e+00 4.6603e-01
8.0622e+00 4.2564e+00 4.5826e-01
8.1368e+00 4.1792e+00 4.5061e-01
8.2122e+00 4.1033e+00 4.4309e-01
8.2882e+00 4.0288e+00 4.3568e-01
8.3649e+00 3.9556e+00 4.2838e-01
8.4423e+00 3.8837e+00 4.2121e-01
8.5205e+00 3.8131e+00 4.1414e-01
8.5994e+00 3.7438e+00 4.0719e-01
8.6790e+00 3.6757e+00 4.0035e-01
8.7593e+00 3.6088e+00 3.9362e-01
8.8404e+00 3.5431e+00 3.8700e-01
8.9223e+00 3.4786e+00 3.8048e-01
9.0049e+00 3.4152e+00 3.7407e-01
9.0882e+00 3.3530e+00 3.6775e-01
9.1724e+00 3.2919e+00 3.6154e-01
9.2573e+00 3.2319e+00 3.5543e-01
9.3430e+00 3.1730e+00 3.4942e-01
9.4295e+00 3.1151e+00 3.4350e-01
9.5168e+00 3.0583e+00 3.3768e-01
9.6049e+00 3.0025e+00 3.3196e-01
9.6938e+00 2.9477e+00 3.2632e-01
9.7835e+00 2.8938e+00 3.2078e-01
9.8741e+00 2.8410e+00 3.1533e-01
9.9655e+00 2.7891e+00 3.0996e-01
1.0058e+01 2.7381e+00 3.0468e-01
1.0151e+01 2.6880e+00 2.9949e-01
1.0245e+01 2.6389e+00 2.9439e-01
1.0340e+01 2.5906e+00 2.8936e-01
1.0435e+01 2.5432e+00 2.8442e-01
1.0532e+01 2.4967e+00 2.7956e-01
1.0630e+01 2.4510e+00 2.7478e-01
1.0728e+01 2.4061e+00 2.7007e-01
1.0827e+01 2.3620e+00 2.6544e-01
1.0927e+01 2.3188e+00 2.6089e-01
1.1029e+01 2.2763e+00 2.5642e-01
1.1131e+01 2.2345e+00 2.5201e-01
1.1234e+01 2.1936e+00 2.4768e-01
1.1338e+01 2.1533e+00 2.4343e-01
1.1443e+01 2.1138e+00 2.3924e-01
1.1549e+01 2.0750e+00 2.3512e-01
1.1656e+01 2.0370e+00 2.3107e-01
1.1763e+01 1.9996e+00 2.2708e-01
1.1872e+01 1.9628e+00 2.2317e-01
1.1982e+01 1.9268e+00 2.1931e-01
1.2093e+01 1.8914e+00 2.1552e-01
1.2205e+01 1.8566e+00 2.1180e-01
1.2318e+01 1.8225e+00 2.0813e-01
1.2432e+01 1.7890e+00 2.0453e-01
1.2547e+01 1.7561e+00 2.0099e-01
1.2663e+01 1.7238e+00 1.9750e-01
1.2781e+01 1.6921e+00 1.9408e-01
1.2899e+01 1.6609e+00 1.9071e-01
1.3018e+01 1.6304e+00 1.8740e-01
1.3139e+01 1.6003e+00 1.8414e-01
1.3261e+01 1.5709e+00 1.8094e-01
1.3383e+01 1.5419e+00 1.7779e-01
1.3507e+01 1.5135e+00 1.7469e-01
1.3632e+01 1.4856e+00 1.7165e-01
1.3758e+01 1.4582e+00 1.6866e-01
1.3886e+01 1.4313e+00 1.6571e-01
1.4014e+01 1.4049e+00 1.6282e-01
1.4144e+01 1.3790e+00 1.5998e-01
1.4275e+01 1.3536e+00 1.5718e-01
1.4407e+01 1.3286e+00 1.5444e-01
1.4541e+01 1.3041e+00 1.5173e-01
1.4675e+01 1.2800e+00 1.4908e-01
1.4811e+01 1.2564e+00 1.4647e-01
1.4948e+01 1.2331e+00 1.4390e-01
1.5087e+01 1.2104e+00 1.4138e-01
1.5226e+01 1.1880e+00 1.3890e-01
1.5367e+01 1.1660e+00 1.3646e-01
1.5509e+01 1.1445e+00 1.3406e-01
1.5653e+01 1.1233e+00 1.3171e-01
1.5798e+01 1.1025e+00 1.2939e-01
1.5944e+01 1.0821e+00 1.2711e-01
1.6092e+01 1.0621e+00 1.2488e-01
1.6241e+01 1.0425e+00 1.2268e-01
1.6391e+01 1.0232e+00 1.2052e-01
1.6543e+01 1.0042e+00 1.1839e-01
1.6696e+01 9.8562e-01 1.1630e-01
1.6851e+01 9.6736e-01 1.1425e-01
1.7007e+01 9.4944e-01 1.1223e-01
1.7164e+01 9.3185e-01 1.1025e-01
1.7323e+01 9.1457e-01 1.0830e-01
1.7483e+01 8.9762e-01 1.0639e-01
1.7645e+01 8.8098e-01 1.0451e-01
1.7808e+01 8.6464e-01 1.0266e-01
1.7973e+01 8.4860e-01 1.0084e-01
1.8140e+01 8.3285e-01 9.9053e-02
1.8308e+01 8.1740e-01 9.7297e-02
1.8477e+01 8.0223e-01 9.5572e-02
1.8648e+01 7.8733e-01 9.3876e-02
1.8821e+01 7.7272e-01 9.2210e-02
1.8995e+01 7.5837e-01 9.0573e-02
1.9171e+01 7.4428e-01 8.8964e-02
1.9348e+01 7.3045e-01 8.7382e-02
1.9527e+01 7.1688e-01 8.5829e-02
1.9708e+01 7.0355e-01 8.4302e-02
1.9891e+01 6.9048e-01 8.2801e-02
2.0075e+01 6.7764e-01 8.1327e-02
2.0261e+01 6.6504e-01 7.9878e-02
2.0448e+01 6.5267e-01 7.8455e-02
2.0638e+01 6.4053e-01 7.7056e-02
2.0829e+01 6.2861e-01 7.5682e-02
2.1021e+01 6.1691e-01 7.4331e-02
2.1216e+01 6.0543e-01 7.3005e-02
2.1412e+01 5.9416e-01 7.1701e-02
2.1611e+01 5.8309e-01 7.0420e-02
2.1811e+01 5.7223e-01 6.9161e-02
2.2013e+01 5.6157e-01 6.7924e-02
2.2216e+01 5.5111e-01 6.6709e-02
2.2422e+01 5.4084e-01 6.5516e-02
2.2630e+01 5.3076e-01 6.4343e-02
2.2839e+01 5.2087e-01 6.3191e-02
2.3051e+01 5.1116e-01 6.2058e-02
2.3264e+01 5.0163e-01 6.0946e-02
2.3479e+01 4.9227e-01 5.9853e-02
2.3697e+01 4.8309e-01 5.8780e-02
2.3916e+01 4.7408e-01 5.7725e-02
2.4137e+01 4.6523e-01 5.6689e-02
2.4361e+01 4.5655e-01 5.5671e-02
2.4586e+01 4.4803e-01 5.4671e-02
2.4814e+01 4.3966e-01 5.3688e-02
2.5044e+01 4.3146e-01 5.2723e-02
2.5276e+01 4.2340e-01 5.1775e-02
2.5510e+01 4.1549e-01 5.0844e-02
2.5746e+01 4.0773e-01 4.9929e-02
2.5984e+01 4.0011e-01 4.9030e-02
2.6225e+01 3.9263e-01 4.8147e-02
2.6467e+01 3.8529e-01 4.7279e-02
2.6712e+01 3.7809e-01 4.6427e-02
2.6960e+01 3.7102e-01 4.5590e-02
2.7209e+01 3.6409e-01 4.4768e-02
2.7461e+01 3.5728e-01 4.3960e-02
2.7715e+01 3.5059e-01 4.3167e-02
2.7972e+01 3.4403e-01 4.2388e-02
2.8231e+01 3.3760e-01 4.1622e-02
2.8492e+01 3.3128e-01 4.0870e-02
2.8756e+01 3.2508e-01 4.0132e-02
2.9022e+01 3.1899e-01 3.9407e-02
2.9291e+01 3.1302e-01 3.8694e-02
2.9562e+01 3.0716e-01 3.7994e-02
2.9836e+01 3.0141e-01 3.7307e-02
3.0112e+01 2.9576e-01 3.6631e-02
3.0391e+01 2.9022e-01 3.5968e-02
3.0672e+01 2.8478e-01 3.5317e-02
3.0956e+01 2.7944e-01 3.4677e-02
3.1243e+01 2.7421e-01 3.4049e-02
3.1532e+01 2.6907e-01 3.3432e-02
3.1824e+01 2.6402e-01 3.2825e-02
3.2118e+01 2.5907e-01 3.2230e-02
3.2416e+01 2.5421e-01 3.1645e-02
3.2716e+01 2.4944e-01 3.1071e-02
3.3019e+01 2.4476e-01 3.0507e-02
3.3324e+01 2.4017e-01 2.9953e-02
3.3633e+01 2.3566e-01 2.9409e-02
3.3944e+01 2.3124e-01 2.8875e-02
3.4258e+01 2.2690e-01 2.8350e-02
3.4576e+01 2.2264e-01 2.7835e-02
3.4896e+01 2.1846e-01 2.7328e-02
3.5219e+01 2.1436e-01 2.6831e-02
3.5545e+01 2.1033e-01 2.6343e-02
3.5874e+01 2.0638e-01 2.5864e-02
3.6206e+01 2.0250e-01 2.5393e-02
3.6541e+01 1.9870e-01 2.4931e-02
3.6879e+01 1.9496e-01 2.4477e-02
3.7221e+01 1.9130e-01 2.4031e-02
3.7565e+01 1.8770e-01 2.3593e-02
3.7913e+01 1.8417e-01 2.3163e-02
3.8264e+01 1.8071e-01 2.2741e-02
3.8618e+01 1.7731e-01 2.2326e-02
3.8976e+01 1.7398e-01 2.1919e-02
3.9337e+01 1.7070e-01 2.1519e-02
3.9701e+01 1.6749e-01 2.1126e-02
4.0068e+01 1.6434e-01 2.0740e-02
4.0439e+01 1.6125e-01 2.0362e-02
4.0814e+01 1.5821e-01 1.9990e-02
4.1191e+01 1.5523e-01 1.9625e-02
4.1573e+01 1.5231e-01 1.9266e-02
4.1958e+01 1.4944e-01 1.8914e-02
4.2346e+01 1.4663e-01 1.8568e-02
4.2738e+01 1.4387e-01 1.8229e-02
4.3134e+01 1.4116e-01 1.7896e-02
4.3533e+01 1.3850e-01 1.7568e-02
4.3936e+01 1.3589e-01 1.7247e-02
4.4343e+01 1.3333e-01 1.6931e-02
4.4753e+01 1.3081e-01 1.6621e-02
4.5168e+01 1.2835e-01 1.6317e-02
4.5586e+01 1.2593e-01 1.6018e-02
4.6008e+01 1.2355e-01 1.5725e-02
4.6434e+01 1.2122e-01 1.5437e-02
4.6864e+01 1.1894e-01 1.5154e-02
4.7297e+01 1.1669e-01 1.4876e-02
4.7735e+01 1.1449e-01 1.4604e-02
4.8177e+01 1.1233e-01 1.4336e-02
4.8623e+01 1.1021e-01 1.4073e-02
4.9073e+01 1.0813e-01 1.3815e-02
4.9528e+01 1.0609e-01 1.3562e-02
4.9986e+01 1.0409e-01 1.3313e-02
5.0449e+01 1.0212e-01 1.3068e-02
5.0916e+01 1.0020e-01 1.2829e-02
5.1387e+01 9.8303e-02 1.2593e-02
5.1863e+01 9.6446e-02 1.2362e-02
5.2343e+01 9.4624e-02 1.2135e-02
5.2828e+01 9.2837e-02 1.1912e-02
5.3317e+01 9.1083e-02 1.1693e-02
5.3810e+01 8.9361e-02 1.1478e-02
5.4308e+01 8.7672e-02 1.1267e-02
5.4811e+01 8.6015e-02 1.1060e-02
5.5319e+01 8.4389e-02 1.0857e-02
5.5831e+01 8.2793e-02 1.0657e-02
5.6348e+01 8.1227e-02 1.0461e-02
5.6869e+01 7.9691e-02 1.0269e-02
5.7396e+01 7.8184e-02 1.0080e-02
5.7927e+01 7.6705e-02 9.8947e-03
5.8463e+01 7.5253e-02 9.7126e-03
5.9005e+01 7.3829e-02 9.5339e-03
5.9551e+01 7.2432e-02 9.3584e-03
6.0102e+01 7.1061e-02 9.1861e-03
6.0658e+01 6.9716e-02 9.0170e-03
6.1220e+01 6.8396e-02 8.8510e-03
6.1787e+01 6.7101e-02 8.6880e-03
6.2359e+01 6.5830e-02 8.5280e-03
6.2936e+01 6.4583e-02 8.3709e-03
6.3519e+01 6.3360e-02 8.2166e-03
6.4107e+01 6.2160e-02 8.0652e-03
6.4700e+01 6.0982e-02 7.9166e-03
6.5299e+01 5.9826e-02 7.7707e-03
6.5904e+01 5.8692e-02 7.6275e-03
6.6514e+01 5.7580e-02 7.4868e-03
6.7130e+01 5.6488e-02 7.3488e-03
6.7751e+01 5.5417e-02 7.2133e-03
6.8378e+01 5.4366e-02 7.0803e-03
6.9011e+01 5.3335e-02 6.9497e-03
6.9650e+01 5.2324e-02 6.8215e-03
7.0295e+01 5.1331e-02 6.6956e-03
7.0946e+01 5.0357e-02 6.5721e-03
7.1602e+01 4.9402e-02 6.4508e-03
7.2265e+01 4.8464e-02 6.3318e-03
7.2934e+01 4.7544e-02 6.2149e-03
7.3609e+01 4.6642e-02 6.1002e-03
7.4291e+01 4.5756e-02 5.9876e-03
7.4979e+01 4.4887e-02 5.8770e-03
7.5673e+01 4.4035e-02 5.7685e-03
7.6373e+01 4.3199e-02 5.6620e-03
7.7080e+01 4.2378e-02 5.5574e-03
7.7794e+01 4.1573e-02 5.4548e-03
7.8514e+01 4.0783e-02 5.3541e-03
7.9241e+01 4.0008e-02 5.2552e-03
7.9974e+01 3.9248e-02 5.1581e-03
8.0715e+01 3.8502e-02 5.0628e-03
8.1462e+01 3.7770e-02 4.9692e-03
8.2216e+01 3.7052e-02 4.8774e-03
8.2977e+01 3.6347e-02 4.7873e-03
8.3746e+01 3.5656e-02 4.6988e-03
8.4521e+01 3.4977e-02 4.6120e-03
8.5303e+01 3.4312e-02 4.5267e-03
8.6093e+01 3.3659e-02 4.4431e-03
8.6890e+01 3.3019e-02 4.3609e-03
8.7694e+01 3.2390e-02 4.2803e-03
8.8506e+01 3.1774e-02 4.2012e-03
8.9326e+01 3.1169e-02 4.1235e-03
9.0152e+01 3.0575e-02 4.0473e-03
9.0987e+01 2.9993e-02 3.9725e-03
9.1829e+01 2.9422e-02 3.8990e-03
9.2679e+01 2.8862e-02 3.8269e-03
9.3537e+01 2.8312e-02 3.7561e-03
9.4403e+01 2.7772e-02 3.6867e-03
9.5277e+01 2.7243e-02 3.6185e-03
9.6159e+01 2.6724e-02 3.5516e-03
9.7050e+01 2.6214e-02 3.4859e-03
9.7948e+01 2.5715e-02 3.4214e-03
9.8855e+01 2.5224e-02 3.3581e-03
9.9770e+01 2.4743e-02 3.2960e-03
1.0069e+02 2.4271e-02 3.2351e-03
1.0163e+02 2.3808e-02 3.1752e-03
1.0257e+02 2.3354e-02 3.1165e-03
1.0352e+02 2.2909e-02 3.0588e-03
1.0447e+02 2.2471e-02 3.0023e-03
1.0544e+02 2.2042e-02 2.9467e-03
1.0642e+02 2.1622e-02 2.8922e-03
1.0740e+02 2.1209e-02 2.8387e-03
1.0840e+02 2.0804e-02 2.7862e-03
1.0940e+02 2.0406e-02 2.7347e-03
1.1041e+02 2.0017e-02 2.6841e-03
1.1144e+02 1.9634e-02 2.6344e-03
1.1247e+02 1.9259e-02 2.5857e-03
1.1351e+02 1.8891e-02 2.5379e-03
1.1456e+02 1.8530e-02 2.4909e-03
1.1562e+02 1.8176e-02 2.4449e-03
1.1669e+02 1.7828e-02 2.3997e-03
1.1777e+02 1.7487e-02 2.3553e-03
1.1886e+02 1.7153e-02 2.3117e-03
1.1996e+02 1.6825e-02 2.2690e-03
1.2107e+02 1.6503e-02 2.2270e-03
1.2219e+02 1.6187e-02 2.1858e-03
1.2332e+02 1.5877e-02 2.1454e-03
1.2447e+02 1.5573e-02 2.1057e-03
1.2562e+02 1.5275e-02 2.0668e-03
1.2678e+02 1.4983e-02 2.0286e-03
1.2795e+02 1.4696e-02 1.9911e-03
1.2914e+02 1.4414e-02 1.9543e-03
1.3033e+02 1.4138e-02 1.9181e-03
1.3154e+02 1.3867e-02 1.8827e-03
1.3276e+02 1.3601e-02 1.8479e-03
1.3399e+02 1.3341e-02 1.8137e-03
1.3523e+02 1.3085e-02 1.7802e-03
1.3648e+02 1.2834e-02 1.7473e-03
1.3774e+02 1.2588e-02 1.7150e-03
1.3902e+02 1.2346e-02 1.6833e-03
1.4031e+02 1.2109e-02 1.6522e-03
1.4160e+02 1.1877e-02 1.6217e-03
1.4291e+02 1.1649e-02 1.5917e-03
1.4424e+02 1.1425e-02 1.5623e-03
1.4557e+02 1.1206e-02 1.5335e-03
1.4692e+02 1.0991e-02 1.5052e-03
1.4828e+02 1.0780e-02 1.4774e-03
1.4965e+02 1.0573e-02 1.4501e-03
1.5104e+02 1.0369e-02 1.4233e-03
1.5244e+02 1.0170e-02 1.3971e-03
1.5385e+02 9.9746e-03 1.3713e-03
1.5527e+02 9.7828e-03 1.3460e-03
1.5671e+02 9.5947e-03 1.3211e-03
1.5816e+02 9.4101e-03 1.2968e-03
1.5963e+02 9.2290e-03 1.2728e-03
1.6110e+02 9.0514e-03 1.2494e-03
1.6259e+02 8.8772e-03 1.2263e-03
1.6410e+02 8.7063e-03 1.2037e-03
1.6562e+02 8.5387e-03 1.1815e-03
1.6715e+02 8.3742e-03 1.1597e-03
1.6870e+02 8.2129e-03 1.1384e-03
1.7026e+02 8.0546e-03 1.1174e-03
1.7184e+02 7.8994e-03 1.0968e-03
1.7343e+02 7.7471e-03 1.0766e-03
1.7503e+02 7.5977e-03 1.0568e-03
1.7665e+02 7.4512e-03 1.0373e-03
1.7829e+02 7.3075e-03 1.0182e-03
1.7994e+02 7.1665e-03 9.9946e-04
1.8161e+02 7.0281e-03 9.8106e-04
1.8329e+02 6.8925e-03 9.6301e-04
1.8498e+02 6.7594e-03 9.4529e-04
1.8670e+02 6.6288e-03 9.2790e-04
1.8842e+02 6.5008e-03 9.1084e-04
1.9017e+02 6.3752e-03 8.9409e-04
1.9193e+02 6.2519e-03 8.7765e-04
1.9371e+02 6.1311e-03 8.6152e-04
1.9550e+02 6.0125e-03 8.4569e-04
1.9731e+02 5.8962e-03 8.3015e-04
1.9914e+02 5.7821e-03 8.1491e-04
2.0098e+02 5.6702e-03 7.9994e-04
2.0284e+02 5.5604e-03 7.8526e-04
2.0472e+02 5.4528e-03 7.7084e-04
2.0661e+02 5.3472e-03 7.5670e-04
2.0853e+02 5.2436e-03 7.4282e-04
2.1046e+02 5.1419e-03 7.2919e-04
2.1240e+02 5.0423e-03 7.1582e-04
2.1437e+02 4.9445e-03 7.0270e-04
2.1636e+02 4.8486e-03 6.8982e-04
2.1836e+02 4.7545e-03 6.7718e-04
2.2038e+02 4.6622e-03 6.6478e-04
2.2242e+02 4.5717e-03 6.5261e-04
2.2448e+02 4.4829e-03 6.4066e-04
2.2656e+02 4.3959e-03 6.2894e-04
2.2865e+02 4.3105e-03 6.1743e-04
2.3077e+02 4.2267e-03 6.0614e-04
2.3291e+02 4.1445e-03 5.9505e-04
2.3506e+02 4.0639e-03 5.8418e-04
2.3724e+02 3.9848e-03 5.7350e-04
2.3944e+02 3.9073e-03 5.6302e-04
2.4165e+02 3.8312e-03 5.5274e-04
2.4389e+02 3.7566e-03 5.4265e-04
2.4615e+02 3.6834e-03 5.3275e-04
2.4843e+02 3.6116e-03 5.2303e-04
2.5073e+02 3.5412e-03 5.1349e-04
2.5305e+02 3.4722e-03 5.0413e-04
2.5539e+02 3.4044e-03 4.9494e-04
2.5775e+02 3.3380e-03 4.8592e-04
2.6014e+02 3.2728e-03 4.7707e-04
2.6255e+02 3.2089e-03 4.6838e-04
2.6498e+02 3.1462e-03 4.5986e-04
2.6743e+02 3.0847e-03 4.5149e-04
2.6991e+02 3.0244e-03 4.4328e-04
2.7241e+02 2.9653e-03 4.3522e-04
2.7493e+02 2.9072e-03 4.2731e-04
2.7747e+02 2.8503e-03 4.1955e-04
2.8004e+02 2.7945e-03 4.1193e-04
2.8263e+02 2.7398e-03 4.0445e-04
2.8525e+02 2.6861e-03 3.9711e-04
2.8789e+02 2.6334e-03 3.8991e-04
2.9056e+02 2.5818e-03 3.8284e-04
2.9325e+02 2.5311e-03 3.7590e-04
2.9596e+02 2.4815e-03 3.6909e-04
2.9870e+02 2.4327e-03 3.6241e-04
3.0147e+02 2.3849e-03 3.5585e-04
3.0426e+02 2.3381e-03 3.4941e-04
3.0707e+02 2.2921e-03 3.4309e-04
3.0992e+02 2.2470e-03 3.3689e-04
3.1279e+02 2.2028e-03 3.3080e-04
3.1568e+02 2.1594e-03 3.2483e-04
3.1860e+02 2.1169e-03 3.1896e-04
3.2155e+02 2.0751e-03 3.1320e-04
3.2453e+02 2.0342e-03 3.0755e-04
3.2753e+02 1.9941e-03 3.0201e-04
3.3057e+02 1.9548e-03 2.9657e-04
3.3363e+02 1.9162e-03 2.9122e-04
3.3672e+02 1.8783e-03 2.8598e-04
3.3983e+02 1.8412e-03 2.8083e-04
3.4298e+02 1.8048e-03 2.7578e-04
3.4615e+02 1.7691e-03 2.7082e-04
3.4936e+02 1.7340e-03 2.6595e-04
3.5259e+02 1.6997e-03 2.6117e-04
3.5586e+02 1.6660e-03 2.5648e-04
3.5915e+02 1.6330e-03 2.5188e-04
3.6248e+02 1.6006e-03 2.4736e-04
3.6583e+02 1.5688e-03 2.4292e-04
3.6922e+02 1.5377e-03 2.3857e-04
3.7264e+02 1.5071e-03 2.3430e-04
3.7609e+02 1.4772e-03 2.3010e-04
3.7957e+02 1.4478e-03 2.2598e-04
3.8308e+02 1.4189e-03 2.2194e-04
3.8663e+02 1.3907e-03 2.1797e-04
3.9021e+02 1.3630e-03 2.1407e-04
3.9382e+02 1.3358e-03 2.1025e-04
3.9747e+02 1.3091e-03 2.0649e-04
4.0115e+02 1.2830e-03 2.0281e-04
4.0486e+02 1.2574e-03 1.9919e-04
4.0861e+02 1.2322e-03 1.9564e-04
4.1239e+02 1.2076e-03 1.9215e-04
4.1621e+02 1.1834e-03 1.8873e-04
4.2006e+02 1.1597e-03 1.8537e-04
4.2395e+02 1.1365e-03 1.8207e-04
4.2787e+02 1.1137e-03 1.7883e-04
4.3183e+02 1.0914e-03 1.7565e-04
4.3583e+02 1.0694e-03 1.7252e-04
4.3987e+02 1.0479e-03 1.6946e-04
4.4394e+02 1.0269e-03 1.6645e-04
4.4805e+02 1.0062e-03 1.6349e-04
4.5220e+02 9.8595e-04 1.6059e-04
4.5638e+02 9.6608e-04 1.5774e-04
4.6061e+02 9.4660e-04 1.5494e-04
4.6487e+02 9.2750e-04 1.5220e-04
4.6918e+02 9.0877e-04 1.4950e-04
4.7352e+02 8.9040e-04 1.4685e-04
4.7790e+02 8.7239e-04 1.4425e-04
4.8233e+02 8.5473e-04 1.4170e-04
4.8679e+02 8.3742e-04 1.3919e-04
4.9130e+02 8.2044e-04 1.3673e-04
4.9585e+02 8.0380e-04 1.3431e-04
5.0044e+02 7.8748e-04 1.3194e-04
5.0507e+02 7.7148e-04 1.2961e-04
5.0975e+02 7.5579e-04 1.2732e-04
5.1446e+02 7.4040e-04 1.2507e-04
5.1923e+02 7.2532e-04 1.2286e-04
5.2403e+02 7.1053e-04 1.2069e-04
5.2889e+02 6.9604e-04 1.1856e-04
5.3378e+02 6.8182e-04 1.1647e-04
5.3872e+02 6.6789e-04 1.1442e-04
5.4371e+02 6.5422e-04 1.1240e-04
5.4874e+02 6.4083e-04 1.1042e-04
5.5382e+02 6.2769e-04 1.0847e-04
5.5895e+02 6.1482e-04 1.0656e-04
5.6413e+02 6.0220e-04 1.0468e-04
5.6935e+02 5.8982e-04 1.0284e-04
5.7462e+02 5.7769e-04 1.0102e-04
5.7994e+02 5.6580e-04 9.9244e-05
5.8531e+02 5.5414e-04 9.7495e-05
5.9073e+02 5.4271e-04 9.5777e-05
5.9619e+02 5.3151e-04 9.4089e-05
6.0171e+02 5.2052e-04 9.2430e-05
6.0728e+02 5.0976e-04 9.0801e-05
6.1291e+02 4.9920e-04 8.9201e-05
6.1858e+02 4.8886e-04 8.7628e-05
6.2431e+02 4.7872e-04 8.6083e-05
6.3009e+02 4.6877e-04 8.4564e-05
6.3592e+02 4.5903e-04 8.3072e-05
6.4181e+02 4.4948e-04 8.1606e-05
6.4775e+02 4.4012e-04 8.0166e-05
6.5374e+02 4.3094e-04 7.8750e-05
6.5980e+02 4.2195e-04 7.7359e-05
6.6590e+02 4.1313e-04 7.5991e-05
6.7207e+02 4.0449e-04 7.4648e-05
6.7829e+02 3.9602e-04 7.3327e-05
6.8457e+02 3.8772e-04 7.2029e-05
6.9091e+02 3.7959e-04 7.0753e-05
6.9730e+02 3.7161e-04 6.9499e-05
7.0376e+02 3.6380e-04 6.8266e-05
7.1027e+02 3.5614e-04 6.7054e-05
7.1685e+02 3.4864e-04 6.5863e-05
7.2349e+02 3.4128e-04 6.4692e-05
7.3018e+02 3.3408e-04 6.3541e-05
7.3694e+02 3.2701e-04 6.2409e-05
7.4376e+02 3.2009e-04 6.1296e-05
7.5065e+02 3.1331e-04 6.0201e-05
7.5760e+02 3.0666e-04 5.9126e-05
7.6461e+02 3.0015e-04 5.8068e-05
7.7169e+02 2.9377e-04 5.7027e-05
7.7884e+02 2.8752e-04 5.6004e-05
7.8605e+02 2.8139e-04 5.4998e-05
7.9332e+02 2.7539e-04 5.4009e-05
8.0067e+02 2.6951e-04 5.3035e-05
8.0808e+02 2.6375e-04 5.2078e-05
8.1556e+02 2.5810e-04 5.1137e-05
8.2311e+02 2.5257e-04 5.0211e-05
8.3073e+02 2.4715e-04 4.9300e-05
8.3842e+02 2.4184e-04 4.8404e-05
8.4618e+02 2.3664e-04 4.7523e-05
8.5402e+02 2.3155e-04 4.6656e-05
8.6192e+02 2.2656e-04 4.5803e-05
8.6990e+02 2.2167e-04 4.4963e-05
8.7795e+02 2.1688e-04 4.4138e-05
8.8608e+02 2.1220e-04 4.3325e-05
8.9428e+02 2.0760e-04 4.2526e-05
9.0256e+02 2.0310e-04 4.1739e-05
9.1092e+02 1.9870e-04 4.0965e-05
9.1935e+02 1.9438e-04 4.0204e-05
9.2786e+02 1.9016e-04 3.9454e-05
9.3645e+02 1.8602e-04 3.8717e-05
9.4512e+02 1.8196e-04 3.7991e-05
9.5387e+02 1.7799e-04 3.7277e-05
9.6270e+02 1.7411e-04 3.6574e-05
9.7161e+02 1.7030e-04 3.5882e-05
9.8061e+02 1.6658e-04 3.5202e-05
9.8969e+02 1.6293e-04 3.4532e-05
9.9885e+02 1.5936e-04 3.3873e-05
1.0081e+03 1.5586e-04 3.3224e-05
1.0174e+03 1.5243e-04 3.2586e-05
1.0268e+03 1.4908e-04 3.1958e-05
1.0364e+03 1.4580e-04 3.1340e-05
1.0459e+03 1.4259e-04 3.0732e-05
1.0556e+03 1.3944e-04 3.0134e-05
1.0654e+03 1.3637e-04 2.9546e-05
1.0753e+03 1.3335e-04 2.8967e-05
1.0852e+03 1.3040e-04 2.8398e-05
1.0953e+03 1.2752e-04 2.7839e-05
1.1054e+03 1.2469e-04 2.7289e-05
1.1156e+03 1.2193e-04 2.6748e-05
1.1260e+03 1.1922e-04 2.6216e-05
1.1364e+03 1.1657e-04 2.5694e-05
1.1469e+03 1.1398e-04 2.5180e-05
1.1575e+03 1.1145e-04 2.4675e-05
1.1682e+03 1.0897e-04 2.4179e-05
1.1791e+03 1.0654e-04 2.3692e-05
1.1900e+03 1.0416e-04 2.3213e-05
1.2010e+03 1.0184e-04 2.2742e-05
1.2121e+03 9.9563e-05 2.2280e-05
1.2233e+03 9.7338e-05 2.1827e-05
1.2347e+03 9.5161e-05 2.1381e-05
1.2461e+03 9.3031e-05 2.0943e-05
1.2576e+03 9.0947e-05 2.0513e-05
1.2693e+03 8.8909e-05 2.0091e-05
1.2810e+03 8.6915e-05 1.9677e-05
1.2929e+03 8.4964e-05 1.9271e-05
1.3048e+03 8.3056e-05 1.8871e-05
1.3169e+03 8.1190e-05 1.8480e-05
1.3291e+03 7.9364e-05 1.8095e-05
1.3414e+03 7.7579e-05 1.7718e-05
1.3538e+03 7.5832e-05 1.7348e-05
1.3664e+03 7.4124e-05 1.6985e-05
1.3790e+03 7.2453e-05 1.6629e-05
1.3918e+03 7.0819e-05 1.6279e-05
1.4047e+03 6.9221e-05 1.5936e-05
1.4177e+03 6.7658e-05 1.5600e-05
1.4308e+03 6.6129e-05 1.5270e-05
1.4440e+03 6.4634e-05 1.4947e-05
1.4574e+03 6.3173e-05 1.4630e-05
1.4709e+03 6.1743e-05 1.4319e-05
1.4845e+03 6.0345e-05 1.4014e-05
1.4983e+03 5.8978e-05 1.3715e-05
1.5121e+03 5.7642e-05 1.3422e-05
1.5261e+03 5.6335e-05 1.3135e-05
1.5403e+03 5.5057e-05 1.2854e-05
1.5545e+03 5.3808e-05 1.2578e-05
1.5689e+03 5.2586e-05 1.2307e-05
1.5834e+03 5.1391e-05 1.2042e-05
1.5981e+03 5.0223e-05 1.1783e-05
1.6129e+03 4.9081e-05 1.1528e-05
1.6278e+03 4.7965e-05 1.1279e-05
1.6429e+03 4.6874e-05 1.1035e-05
1.6581e+03 4.5807e-05 1.0796e-05
1.6734e+03 4.4763e-05 1.0561e-05
1.6889e+03 4.3744e-05 1.0332e-05
1.7046e+03 4.2747e-05 1.0107e-05
1.7204e+03 4.1772e-05 9.8863e-06
1.7363e+03 4.0819e-05 9.6706e-06
1.7524e+03 3.9888e-05 9.4593e-06
1.7686e+03 3.8977e-05 9.2523e-06
1.7849e+03 3.8087e-05 9.0497e-06
1.8015e+03 3.7217e-05 8.8512e-06
1.8182e+03 3.6367e-05 8.6569e-06
1.8350e+03 3.5535e-05 8.4667e-06
1.8520e+03 3.4723e-05 8.2804e-06
1.8691e+03 3.3929e-05 8.0980e-06
1.8864e+03 3.3152e-05 7.9195e-06
1.9039e+03 3.2393e-05 7.7447e-06
1.9215e+03 3.1652e-05 7.5736e-06
1.9393e+03 3.0927e-05 7.4061e-06
1.9572e+03 3.0218e-05 7.2421e-06
1.9754e+03 2.9526e-05 7.0817e-06
1.9937e+03 2.8849e-05 6.9246e-06
2.0121e+03 2.8187e-05 6.7709e-06
2.0307e+03 2.7541e-05 6.6205e-06
2.0495e+03 2.6909e-05 6.4732e-06
2.0685e+03 2.6292e-05 6.3292e-06
2.0877e+03 2.5688e-05 6.1882e-06
2.1070e+03 2.5098e-05 6.0502e-06
2.1265e+03 2.4522e-05 5.9152e-06
2.1462e+03 2.3959e-05 5.7831e-06
2.1660e+03 2.3408e-05 5.6539e-06
2.1861e+03 2.2870e-05 5.5275e-06
2.2063e+03 2.2344e-05 5.4037e-06
2.2268e+03 2.1831e-05 5.2827e-06
2.2474e+03 2.1328e-05 5.1643e-06
2.2682e+03 2.0838e-05 5.0485e-06
2.2892e+03 2.0358e-05 4.9351e-06
2.3104e+03 1.9890e-05 4.8243e-06
2.3318e+03 1.9432e-05 4.7159e-06
2.3533e+03 1.8985e-05 4.6098e-06
2.3751e+03 1.8547e-05 4.5060e-06
2.3971e+03 1.8120e-05 4.4046e-06
2.4193e+03 1.7703e-05 4.3053e-06
2.4417e+03 1.7295e-05 4.2082e-06
2.4643e+03 1.6896e-05 4.1133e-06
2.4871e+03 1.6507e-05 4.0204e-06
2.5102e+03 1.6126e-05 3.9296e-06
2.5334e+03 1.5754e-05 3.8408e-06
2.5568e+03 1.5391e-05 3.7540e-06
2.5805e+03 1.5036e-05 3.6690e-06
2.6044e+03 1.4689e-05 3.5860e-06
2.6285e+03 1.4350e-05 3.5047e-06
2.6528e+03 1.4019e-05 3.4253e-06
2.6774e+03 1.3695e-05 3.3477e-06
2.7022e+03 1.3379e-05 3.2717e-06
2.7272e+03 1.3070e-05 3.1975e-06
2.7525e+03 1.2768e-05 3.1249e-06
2.7779e+03 1.2473e-05 3.0539e-06
2.8037e+03 1.2185e-05 2.9845e-06
2.8296e+03 1.1904e-05 2.9166e-06
2.8558e+03 1.1629e-05 2.8503e-06
2.8822e+03 1.1360e-05 2.7854e-06
2.9089e+03 1.1097e-05 2.7220e-06
2.9359e+03 1.0841e-05 2.6600e-06
2.9630e+03 1.0590e-05 2.5994e-06
2.9905e+03 1.0345e-05 2.5401e-06
3.0181e+03 1.0106e-05 2.4822e-06
3.0461e+03 9.8722e-06 2.4256e-06
3.0743e+03 9.6439e-06 2.3702e-06
3.1027e+03 9.4208e-06 2.3161e-06
3.1315e+03 9.2028e-06 2.2632e-06
3.1605e+03 8.9898e-06 2.2115e-06
3.1897e+03 8.7818e-06 2.1610e-06
3.2192e+03 8.5785e-06 2.1116e-06
3.2490e+03 8.3800e-06 2.0633e-06
3.2791e+03 8.1860e-06 2.0161e-06
3.3095e+03 7.9964e-06 1.9699e-06
3.3401e+03 7.8113e-06 1.9248e-06
3.3710e+03 7.6304e-06 1.8808e-06
3.4022e+03 7.4537e-06 1.8377e-06
3.4337e+03 7.2810e-06 1.7956e-06
3.4655e+03 7.1124e-06 1.7544e-06
3.4976e+03 6.9476e-06 1.7142e-06
3.5300e+03 6.7866e-06 1.6749e-06
3.5627e+03 6.6294e-06 1.6365e-06
3.5957e+03 6.4758e-06 1.5989e-06
3.6289e+03 6.3257e-06 1.5622e-06
3.6625e+03 6.1791e-06 1.5264e-06
3.6964e+03 6.0358e-06 1.4913e-06
3.7307e+03 5.8959e-06 1.4570e-06
3.7652e+03 5.7592e-06 1.4236e-06
3.8001e+03 5.6257e-06 1.3909e-06
3.8352e+03 5.4953e-06 1.3589e-06
3.8707e+03 5.3679e-06 1.3276e-06
3.9066e+03 5.2434e-06 1.2971e-06
3.9427e+03 5.1218e-06 1.2673e-06
3.9792e+03 5.0030e-06 1.2381e-06
4.0161e+03 4.8869e-06 1.2096e-06
4.0533e+03 4.7736e-06 1.1818e-06
4.0908e+03 4.6628e-06 1.1546e-06
4.1286e+03 4.5547e-06 1.1280e-06
4.1669e+03 4.4490e-06 1.1020e-06
4.2054e+03 4.3458e-06 1.0766e-06
4.2444e+03 4.2449e-06 1.0518e-06
4.2837e+03 4.1464e-06 1.0276e-06
4.3233e+03 4.0502e-06 1.0039e-06
4.3633e+03 3.9562e-06 9.8073e-07
4.4037e+03 3.8644e-06 9.5811e-07
4.4445e+03 3.7747e-06 9.3602e-07
4.4857e+03 3.6870e-06 9.1442e-07
4.5272e+03 3.6014e-06 8.9333e-07
4.5691e+03 3.5178e-06 8.7271e-07
4.6114e+03 3.4362e-06 8.5257e-07
4.6541e+03 3.3564e-06 8.3289e-07
4.6972e+03 3.2784e-06 8.1366e-07
4.7407e+03 3.2023e-06 7.9488e-07
4.7845e+03 3.1280e-06 7.7652e-07
4.8288e+03 3.0553e-06 7.5858e-07
4.8735e+03 2.9844e-06 7.4106e-07
4.9187e+03 2.9150e-06 7.2394e-07
4.9642e+03 2.8473e-06 7.0721e-07
5.0101e+03 2.7812e-06 6.9086e-07
5.0565e+03 2.7166e-06 6.7490e-07
5.1033e+03 2.6535e-06 6.5929e-07
5.1506e+03 2.5919e-06 6.4405e-07
5.1983e+03 2.5316e-06 6.2916e-07
5.2464e+03 2.4728e-06 6.1461e-07
5.2950e+03 2.4154e-06 6.0039e-07
5.3440e+03 2.3593e-06 5.8651e-07
5.3934e+03 2.3044e-06 5.7294e-07
5.4434e+03 2.2509e-06 5.5968e-07
5.4938e+03 2.1986e-06 5.4673e-07
5.5446e+03 2.1475e-06 5.3408e-07
5.5960e+03 2.0976e-06 5.2171e-07
5.6478e+03 2.0488e-06 5.0964e-07
5.7000e+03 2.0012e-06 4.9784e-07
5.7528e+03 1.9547e-06 4.8631e-07
5.8061e+03 1.9093e-06 4.7505e-07
5.8598e+03 1.8649e-06 4.6405e-07
5.9141e+03 1.8216e-06 4.5330e-07
5.9688e+03 1.7792e-06 4.4280e-07
6.0241e+03 1.7379e-06 4.3255e-07
6.0798e+03 1.6975e-06 4.2253e-07
6.1361e+03 1.6580e-06 4.1274e-07
6.1929e+03 1.6195e-06 4.0317e-07
6.2503e+03 1.5818e-06 3.9383e-07
6.3081e+03 1.5450e-06 3.8470e-07
6.3665e+03 1.5091e-06 3.7579e-07
6.4255e+03 1.4740e-06 3.6708e-07
6.4849e+03 1.4398e-06 3.5857e-07
6.5450e+03 1.4063e-06 3.5025e-07
6.6056e+03 1.3736e-06 3.4213e-07
6.6667e+03 1.3416e-06 3.3420e-07
6.7284e+03 1.3104e-06 3.2645e-07
6.7907e+03 1.2800e-06 3.1888e-07
6.8536e+03 1.2502e-06 3.1148e-07
6.9170e+03 1.2211e-06 3.0426e-07
6.9811e+03 1.1927e-06 2.9720e-07
7.0457e+03 1.1650e-06 2.9031e-07
7.1109e+03 1.1379e-06 2.8357e-07
7.1768e+03 1.1114e-06 2.7699e-07
7.2432e+03 1.0856e-06 2.7057e-07
7.3102e+03 1.0603e-06 2.6429e-07
7.3779e+03 1.0357e-06 2.5816e-07
7.4462e+03 1.0116e-06 2.5217e-07
7.5152e+03 9.8806e-07 2.4631e-07
7.5847e+03 9.6508e-07 2.4060e-07
7.6549e+03 9.4263e-07 2.3501e-07
7.7258e+03 9.2070e-07 2.2956e-07
7.7973e+03 8.9929e-07 2.2423e-07
7.8695e+03 8.7837e-07 2.1902e-07
7.9424e+03 8.5794e-07 2.1394e-07
8.0159e+03 8.3798e-07 2.0897e-07
8.0901e+03 8.1848e-07 2.0412e-07
8.1650e+03 7.9944e-07 1.9938e-07
8.2406e+03 7.8084e-07 1.9475e-07
8.3169e+03 7.6268e-07 1.9023e-07
8.3939e+03 7.4494e-07 1.8581e-07
8.4716e+03 7.2760e-07 1.8149e-07
8.5500e+03 7.1068e-07 1.7728e-07
8.6291e+03 6.9414e-07 1.7316e-07
8.7090e+03 6.7799e-07 1.6914e-07
8.7897e+03 6.6222e-07 1.6521e-07
8.8710e+03 6.4681e-07 1.6137e-07
8.9532e+03 6.3176e-07 1.5762e-07
9.0360e+03 6.1706e-07 1.5396e-07
9.1197e+03 6.0270e-07 1.5039e-07
9.2041e+03 5.8868e-07 1.4689e-07
9.2893e+03 5.7498e-07 1.4348e-07
9.3753e+03 5.6160e-07 1.4014e-07
9.4621e+03 5.4854e-07 1.3689e-07
9.5497e+03 5.3577e-07 1.3371e-07
9.6381e+03 5.2330e-07 1.3060e-07
9.7273e+03 5.1113e-07 1.2757e-07
9.8174e+03 4.9923e-07 1.2460e-07
9.9083e+03 4.8762e-07 1.2170e-07
1.0000e+04 4.7627e-07 1.1888e-07
