# k[h/Mpc]   P_Zel   P_A    P_W    P_d    P_dd     P_d^2    P_d^2d^2  P_dd^2    P_s^2    P_ds^2    P_d^2s^2   P_s^2s^2   P_D2d     P_dD2d
# 
1.0000e-03 1.0624e+03 6.0929e-03 -3.2131e-03 2.1252e+03 7.7991e+02 -3.8764e-03 1.3106e+02 2.7258e-02 2.3717e-02 1.8073e-02 3.4938e+02 2.3286e+02 0.0000e+00 0.0000e+00
1.0411e-03 1.1024e+03 6.9066e-03 -3.6150e-03 2.2058e+03 8.3371e+02 -4.1932e-03 1.3106e+02 2.9546e-02 2.5704e-02 1.9572e-02 3.4937e+02 2.3284e+02 0.0000e+00 0.0000e+00
1.0838e-03 1.1437e+03 7.8240e-03 -4.0667e-03 2.2892e+03 8.8880e+02 -4.5352e-03 1.3106e+02 3.2026e-02 2.7857e-02 2.1194e-02 3.4936e+02 2.3283e+02 0.0000e+00 0.0000e+00
1.1283e-03 1.1866e+03 8.8580e-03 -4.5741e-03 2.3756e+03 9.4520e+02 -4.9043e-03 1.3106e+02 3.4715e-02 3.0189e-02 2.2950e-02 3.4935e+02 2.3281e+02 0.0000e+00 0.0000e+00
1.1746e-03 1.2309e+03 1.0023e-02 -5.1440e-03 2.4649e+03 1.0029e+03 -5.3024e-03 1.3106e+02 3.7629e-02 3.2717e-02 2.4849e-02 3.4934e+02 2.3280e+02 0.0000e+00 0.0000e+00
1.2228e-03 1.2769e+03 1.1335e-02 -5.7841e-03 2.5574e+03 1.0620e+03 -5.7318e-03 1.3106e+02 4.0789e-02 3.5454e-02 2.6904e-02 3.4932e+02 2.3278e+02 0.0000e+00 0.0000e+00
1.2730e-03 1.3244e+03 1.2812e-02 -6.5027e-03 2.6530e+03 1.1225e+03 -6.1946e-03 1.3106e+02 4.4215e-02 3.8420e-02 2.9126e-02 3.4931e+02 2.3276e+02 0.0000e+00 0.0000e+00
1.3253e-03 1.3736e+03 1.4474e-02 -7.3093e-03 2.7519e+03 1.1844e+03 -6.6933e-03 1.3106e+02 4.7929e-02 4.1633e-02 3.1529e-02 3.4929e+02 2.3274e+02 0.0000e+00 0.0000e+00
1.3797e-03 1.4245e+03 1.6344e-02 -8.2145e-03 2.8541e+03 1.2477e+03 -7.2304e-03 1.3106e+02 5.1955e-02 4.5113e-02 3.4127e-02 3.4927e+02 2.3272e+02 0.0000e+00 0.0000e+00
1.4363e-03 1.4772e+03 1.8446e-02 -9.2301e-03 2.9598e+03 1.3125e+03 -7.8085e-03 1.3106e+02 5.6321e-02 4.8882e-02 3.6936e-02 3.4926e+02 2.3269e+02 0.0000e+00 0.0000e+00
1.4953e-03 1.5317e+03 2.0809e-02 -1.0369e-02 3.0689e+03 1.3787e+03 -8.4303e-03 1.3105e+02 6.1055e-02 5.2963e-02 3.9972e-02 3.4923e+02 2.3267e+02 0.0000e+00 0.0000e+00
1.5567e-03 1.5880e+03 2.3463e-02 -1.1646e-02 3.1816e+03 1.4465e+03 -9.0989e-03 1.3105e+02 6.6187e-02 5.7383e-02 4.3254e-02 3.4921e+02 2.3264e+02 0.0000e+00 0.0000e+00
1.6206e-03 1.6461e+03 2.6444e-02 -1.3078e-02 3.2979e+03 1.5157e+03 -9.8172e-03 1.3105e+02 7.1753e-02 6.2168e-02 4.6799e-02 3.4919e+02 2.3261e+02 0.0000e+00 0.0000e+00
1.6871e-03 1.7062e+03 2.9792e-02 -1.4682e-02 3.4180e+03 1.5866e+03 -1.0588e-02 1.3105e+02 7.7788e-02 6.7347e-02 5.0628e-02 3.4916e+02 2.3257e+02 0.0000e+00 0.0000e+00
1.7564e-03 1.7683e+03 3.3547e-02 -1.6479e-02 3.5419e+03 1.6590e+03 -1.1416e-02 1.3105e+02 8.4332e-02 7.2953e-02 5.4764e-02 3.4913e+02 2.3254e+02 0.0000e+00 0.0000e+00
1.8285e-03 1.8323e+03 3.7761e-02 -1.8491e-02 3.6697e+03 1.7329e+03 -1.2302e-02 1.3105e+02 9.1429e-02 7.9019e-02 5.9229e-02 3.4910e+02 2.3250e+02 0.0000e+00 0.0000e+00
1.9036e-03 1.8983e+03 4.2485e-02 -2.0744e-02 3.8014e+03 1.8085e+03 -1.3251e-02 1.3105e+02 9.9125e-02 8.5582e-02 6.4049e-02 3.4907e+02 2.3246e+02 0.0000e+00 0.0000e+00
1.9817e-03 1.9664e+03 4.7780e-02 -2.3264e-02 3.9372e+03 1.8857e+03 -1.4267e-02 1.3105e+02 1.0747e-01 9.2681e-02 6.9250e-02 3.4903e+02 2.3241e+02 0.0000e+00 0.0000e+00
2.0631e-03 2.0366e+03 5.3712e-02 -2.6083e-02 4.0769e+03 1.9646e+03 -1.5352e-02 1.3104e+02 1.1653e-01 1.0036e-01 7.4860e-02 3.4899e+02 2.3236e+02 0.0000e+00 0.0000e+00
2.1478e-03 2.1088e+03 6.0356e-02 -2.9235e-02 4.2209e+03 2.0451e+03 -1.6510e-02 1.3104e+02 1.2634e-01 1.0866e-01 8.0910e-02 3.4895e+02 2.3231e+02 0.0000e+00 0.0000e+00
2.2359e-03 2.1832e+03 6.7793e-02 -3.2757e-02 4.3689e+03 2.1272e+03 -1.7743e-02 1.3104e+02 1.3699e-01 1.1763e-01 8.7432e-02 3.4890e+02 2.3225e+02 0.0000e+00 0.0000e+00
2.3277e-03 2.2597e+03 7.6114e-02 -3.6691e-02 4.5212e+03 2.2110e+03 -1.9056e-02 1.3104e+02 1.4855e-01 1.2732e-01 9.4460e-02 3.4885e+02 2.3219e+02 0.0000e+00 0.0000e+00
2.4233e-03 2.3383e+03 8.5421e-02 -4.1084e-02 4.6778e+03 2.2965e+03 -2.0450e-02 1.3104e+02 1.6108e-01 1.3778e-01 1.0203e-01 3.4879e+02 2.3212e+02 0.0000e+00 0.0000e+00
2.5228e-03 2.4190e+03 9.5824e-02 -4.5985e-02 4.8386e+03 2.3837e+03 -2.1928e-02 1.3103e+02 1.7468e-01 1.4908e-01 1.1018e-01 3.4873e+02 2.3205e+02 0.0000e+00 0.0000e+00
2.6263e-03 2.5018e+03 1.0745e-01 -5.1452e-02 5.0036e+03 2.4726e+03 -2.3492e-02 1.3103e+02 1.8943e-01 1.6127e-01 1.1895e-01 3.4867e+02 2.3197e+02 0.0000e+00 0.0000e+00
2.7342e-03 2.5868e+03 1.2043e-01 -5.7546e-02 5.1730e+03 2.5632e+03 -2.5144e-02 1.3103e+02 2.0543e-01 1.7443e-01 1.2839e-01 3.4860e+02 2.3188e+02 0.0000e+00 0.0000e+00
2.8464e-03 2.6739e+03 1.3492e-01 -6.4335e-02 5.3466e+03 2.6554e+03 -2.6882e-02 1.3103e+02 2.2280e-01 1.8860e-01 1.3853e-01 3.4852e+02 2.3179e+02 0.0000e+00 0.0000e+00
2.9633e-03 2.7630e+03 1.5109e-01 -7.1893e-02 5.5245e+03 2.7493e+03 -2.8707e-02 1.3102e+02 2.4164e-01 2.0387e-01 1.4943e-01 3.4844e+02 2.3169e+02 0.0000e+00 0.0000e+00
3.0849e-03 2.8542e+03 1.6912e-01 -8.0303e-02 5.7067e+03 2.8448e+03 -3.0617e-02 1.3102e+02 2.6209e-01 2.2031e-01 1.6113e-01 3.4836e+02 2.3159e+02 0.0000e+00 0.0000e+00
3.2116e-03 2.9474e+03 1.8921e-01 -8.9654e-02 5.8930e+03 2.9420e+03 -3.2608e-02 1.3102e+02 2.8429e-01 2.3800e-01 1.7369e-01 3.4826e+02 2.3147e+02 0.0000e+00 0.0000e+00
3.3434e-03 3.0426e+03 2.1159e-01 -1.0004e-01 6.0834e+03 3.0408e+03 -3.4675e-02 1.3101e+02 3.0838e-01 2.5702e-01 1.8716e-01 3.4816e+02 2.3135e+02 0.0000e+00 0.0000e+00
3.4807e-03 3.1398e+03 2.3651e-01 -1.1158e-01 6.2779e+03 3.1411e+03 -3.6810e-02 1.3101e+02 3.3453e-01 2.7744e-01 2.0159e-01 3.4805e+02 2.3122e+02 0.0000e+00 0.0000e+00
3.6236e-03 3.2389e+03 2.6422e-01 -1.2438e-01 6.4763e+03 3.2430e+03 -3.9004e-02 1.3100e+02 3.6291e-01 2.9936e-01 2.1705e-01 3.4793e+02 2.3107e+02 0.0000e+00 0.0000e+00
3.7723e-03 3.3398e+03 2.9504e-01 -1.3857e-01 6.6785e+03 3.3464e+03 -4.1242e-02 1.3100e+02 3.9373e-01 3.2285e-01 2.3358e-01 3.4779e+02 2.3092e+02 0.0000e+00 0.0000e+00
3.9272e-03 3.4425e+03 3.2928e-01 -1.5429e-01 6.8844e+03 3.4512e+03 -4.3507e-02 1.3099e+02 4.2719e-01 3.4801e-01 2.5125e-01 3.4765e+02 2.3075e+02 0.0000e+00 0.0000e+00
4.0884e-03 3.5470e+03 3.6729e-01 -1.7169e-01 7.0939e+03 3.5574e+03 -4.5777e-02 1.3099e+02 4.6352e-01 3.7492e-01 2.7012e-01 3.4750e+02 2.3057e+02 0.0000e+00 0.0000e+00
4.2562e-03 3.6531e+03 4.0947e-01 -1.9093e-01 7.3067e+03 3.6649e+03 -4.8026e-02 1.3098e+02 5.0297e-01 4.0365e-01 2.9025e-01 3.4734e+02 2.3038e+02 0.0000e+00 0.0000e+00
4.4310e-03 3.7609e+03 4.5624e-01 -2.1218e-01 7.5226e+03 3.7736e+03 -5.0220e-02 1.3097e+02 5.4582e-01 4.3430e-01 3.1170e-01 3.4716e+02 2.3017e+02 0.0000e+00 0.0000e+00
4.6129e-03 3.8701e+03 5.0807e-01 -2.3563e-01 7.7414e+03 3.8835e+03 -5.2319e-02 1.3096e+02 5.9236e-01 4.6693e-01 3.3453e-01 3.4697e+02 2.2994e+02 0.0000e+00 0.0000e+00
4.8023e-03 3.9807e+03 5.6544e-01 -2.6148e-01 7.9629e+03 3.9944e+03 -5.4274e-02 1.3096e+02 6.4290e-01 5.0162e-01 3.5880e-01 3.4676e+02 2.2970e+02 0.0000e+00 0.0000e+00
4.9994e-03 4.0924e+03 6.2890e-01 -2.8995e-01 8.1867e+03 4.1063e+03 -5.6027e-02 1.3095e+02 6.9781e-01 5.3842e-01 3.8456e-01 3.4654e+02 2.2945e+02 0.0000e+00 0.0000e+00
5.2047e-03 4.2053e+03 6.9905e-01 -3.2126e-01 8.4126e+03 4.2189e+03 -5.7508e-02 1.3094e+02 7.5746e-01 5.7739e-01 4.1187e-01 3.4629e+02 2.2917e+02 0.0000e+00 0.0000e+00
5.4183e-03 4.3191e+03 7.7653e-01 -3.5565e-01 8.6402e+03 4.3322e+03 -5.8635e-02 1.3093e+02 8.2227e-01 6.1857e-01 4.4076e-01 3.4603e+02 2.2887e+02 0.0000e+00 0.0000e+00
5.6408e-03 4.4335e+03 8.6201e-01 -3.9338e-01 8.8691e+03 4.4460e+03 -5.9310e-02 1.3092e+02 8.9269e-01 6.6197e-01 4.7130e-01 3.4575e+02 2.2855e+02 0.0000e+00 0.0000e+00
5.8723e-03 4.5484e+03 9.5625e-01 -4.3472e-01 9.0990e+03 4.5602e+03 -5.9420e-02 1.3090e+02 9.6921e-01 7.0760e-01 5.0349e-01 3.4545e+02 2.2821e+02 0.0000e+00 0.0000e+00
6.1134e-03 4.6635e+03 1.0600e+00 -4.7995e-01 9.3293e+03 4.6745e+03 -5.8831e-02 1.3089e+02 1.0524e+00 7.5543e-01 5.3738e-01 3.4512e+02 2.2784e+02 0.0000e+00 0.0000e+00
6.3644e-03 4.7786e+03 1.1742e+00 -5.2936e-01 9.5596e+03 4.7887e+03 -5.7388e-02 1.3087e+02 1.1427e+00 8.0543e-01 5.7298e-01 3.4477e+02 2.2745e+02 0.0000e+00 0.0000e+00
6.6257e-03 4.8934e+03 1.2997e+00 -5.8324e-01 9.7894e+03 4.9026e+03 -5.4909e-02 1.3086e+02 1.2409e+00 8.5753e-01 6.1028e-01 3.4439e+02 2.2703e+02 0.0000e+00 0.0000e+00
6.8977e-03 5.0076e+03 1.4375e+00 -6.4193e-01 1.0018e+04 5.0160e+03 -5.1187e-02 1.3084e+02 1.3477e+00 9.1161e-01 6.4927e-01 3.4398e+02 2.2659e+02 0.0000e+00 0.0000e+00
7.1808e-03 5.1209e+03 1.5886e+00 -7.0572e-01 1.0245e+04 5.1285e+03 -4.5978e-02 1.3082e+02 1.4637e+00 9.6753e-01 6.8992e-01 3.4354e+02 2.2611e+02 0.0000e+00 0.0000e+00
7.4756e-03 5.2331e+03 1.7541e+00 -7.7494e-01 1.0470e+04 5.2400e+03 -3.9007e-02 1.3080e+02 1.5897e+00 1.0251e+00 7.3217e-01 3.4307e+02 2.2560e+02 0.0000e+00 0.0000e+00
7.7825e-03 5.3438e+03 1.9350e+00 -8.4992e-01 1.0692e+04 5.3501e+03 -2.9954e-02 1.3078e+02 1.7267e+00 1.0842e+00 7.7596e-01 3.4256e+02 2.2506e+02 0.0000e+00 0.0000e+00
8.1020e-03 5.4528e+03 2.1327e+00 -9.3097e-01 1.0910e+04 5.4584e+03 -1.8456e-02 1.3076e+02 1.8756e+00 1.1444e+00 8.2117e-01 3.4201e+02 2.2448e+02 0.0000e+00 0.0000e+00
8.4347e-03 5.5595e+03 2.3484e+00 -1.0184e+00 1.1124e+04 5.5646e+03 -4.0995e-03 1.3073e+02 2.0374e+00 1.2055e+00 8.6768e-01 3.4143e+02 2.2386e+02 0.0000e+00 0.0000e+00
8.7809e-03 5.6637e+03 2.5832e+00 -1.1125e+00 1.1333e+04 5.6683e+03 1.3590e-02 1.3071e+02 2.2133e+00 1.2672e+00 9.1532e-01 3.4080e+02 2.2321e+02 0.0000e+00 0.0000e+00
9.1414e-03 5.7648e+03 2.8385e+00 -1.2134e+00 1.1535e+04 5.7691e+03 3.5140e-02 1.3068e+02 2.4043e+00 1.3289e+00 9.6389e-01 3.4012e+02 2.2252e+02 0.0000e+00 0.0000e+00
9.5167e-03 5.8623e+03 3.1156e+00 -1.3216e+00 1.1731e+04 5.8665e+03 6.1160e-02 1.3065e+02 2.6118e+00 1.3904e+00 1.0132e+00 3.3940e+02 2.2178e+02 0.0000e+00 0.0000e+00
9.9074e-03 5.9558e+03 3.4159e+00 -1.4371e+00 1.1919e+04 5.9602e+03 9.2320e-02 1.3061e+02 2.8371e+00 1.4510e+00 1.0628e+00 3.3862e+02 2.2100e+02 0.0000e+00 0.0000e+00
1.0314e-02 6.0448e+03 3.7406e+00 -1.5601e+00 1.2098e+04 6.0495e+03 1.2939e-01 1.3058e+02 3.0818e+00 1.5102e+00 1.1126e+00 3.3779e+02 2.2017e+02 0.0000e+00 0.0000e+00
1.0738e-02 6.1289e+03 4.0910e+00 -1.6907e+00 1.2267e+04 6.1340e+03 1.7321e-01 1.3054e+02 3.3475e+00 1.5674e+00 1.1621e+00 3.3691e+02 2.1930e+02 0.0000e+00 0.0000e+00
1.1178e-02 6.2074e+03 4.4683e+00 -1.8289e+00 1.2425e+04 6.2132e+03 2.2472e-01 1.3049e+02 3.6357e+00 1.6218e+00 1.2109e+00 3.3596e+02 2.1837e+02 0.0000e+00 0.0000e+00
1.1637e-02 6.2800e+03 4.8738e+00 -1.9747e+00 1.2571e+04 6.2864e+03 2.8498e-01 1.3045e+02 3.9484e+00 1.6729e+00 1.2585e+00 3.3495e+02 2.1740e+02 0.0000e+00 0.0000e+00
1.2115e-02 6.3459e+03 5.3085e+00 -2.1279e+00 1.2703e+04 6.3532e+03 3.5513e-01 1.3040e+02 4.2874e+00 1.7196e+00 1.3044e+00 3.3386e+02 2.1637e+02 0.0000e+00 0.0000e+00
1.2612e-02 6.4046e+03 5.7733e+00 -2.2881e+00 1.2822e+04 6.4128e+03 4.3646e-01 1.3035e+02 4.6547e+00 1.7611e+00 1.3480e+00 3.3271e+02 2.1529e+02 0.0000e+00 0.0000e+00
1.3130e-02 6.4555e+03 6.2690e+00 -2.4551e+00 1.2925e+04 6.4648e+03 5.3032e-01 1.3029e+02 5.0526e+00 1.7964e+00 1.3887e+00 3.3149e+02 2.1415e+02 0.0000e+00 0.0000e+00
1.3669e-02 6.4980e+03 6.7963e+00 -2.6282e+00 1.3011e+04 6.5086e+03 6.3825e-01 1.3023e+02 5.4833e+00 1.8243e+00 1.4258e+00 3.3018e+02 2.1296e+02 0.0000e+00 0.0000e+00
1.4230e-02 6.5316e+03 7.3554e+00 -2.8069e+00 1.3079e+04 6.5434e+03 7.6184e-01 1.3016e+02 5.9491e+00 1.8435e+00 1.4586e+00 3.2880e+02 2.1170e+02 0.0000e+00 0.0000e+00
1.4815e-02 6.5556e+03 7.9466e+00 -2.9902e+00 1.3129e+04 6.5688e+03 9.0286e-01 1.3009e+02 6.4525e+00 1.8526e+00 1.4864e+00 3.2732e+02 2.1039e+02 0.0000e+00 0.0000e+00
1.5423e-02 6.5695e+03 8.5694e+00 -3.1771e+00 1.3158e+04 6.5841e+03 1.0632e+00 1.3001e+02 6.9960e+00 1.8502e+00 1.5082e+00 3.2576e+02 2.0902e+02 0.0000e+00 0.0000e+00
1.6056e-02 6.5728e+03 9.2233e+00 -3.3663e+00 1.3166e+04 6.5888e+03 1.2447e+00 1.2993e+02 7.5822e+00 1.8345e+00 1.5234e+00 3.2411e+02 2.0759e+02 0.0000e+00 0.0000e+00
1.6715e-02 6.5649e+03 9.9072e+00 -3.5566e+00 1.3152e+04 6.5824e+03 1.4496e+00 1.2984e+02 8.2139e+00 1.8038e+00 1.5310e+00 3.2237e+02 2.0609e+02 0.0000e+00 0.0000e+00
1.7401e-02 6.5454e+03 1.0620e+01 -3.7462e+00 1.3115e+04 6.5644e+03 1.6798e+00 1.2974e+02 8.8936e+00 1.7564e+00 1.5302e+00 3.2052e+02 2.0453e+02 0.0000e+00 0.0000e+00
1.8116e-02 6.5139e+03 1.1359e+01 -3.9335e+00 1.3054e+04 6.5344e+03 1.9378e+00 1.2964e+02 9.6241e+00 1.6905e+00 1.5203e+00 3.1857e+02 2.0291e+02 0.0000e+00 0.0000e+00
1.8859e-02 6.4701e+03 1.2122e+01 -4.1164e+00 1.2969e+04 6.4921e+03 2.2257e+00 1.2952e+02 1.0408e+01 1.6046e+00 1.5003e+00 3.1652e+02 2.0122e+02 0.0000e+00 0.0000e+00
1.9634e-02 6.4137e+03 1.2906e+01 -4.2928e+00 1.2858e+04 6.4373e+03 2.5458e+00 1.2940e+02 1.1248e+01 1.4974e+00 1.4695e+00 3.1436e+02 1.9947e+02 0.0000e+00 0.0000e+00
2.0440e-02 6.3445e+03 1.3708e+01 -4.4604e+00 1.2722e+04 6.3697e+03 2.9004e+00 1.2927e+02 1.2147e+01 1.3676e+00 1.4273e+00 3.1210e+02 1.9765e+02 0.0000e+00 0.0000e+00
2.1279e-02 6.2626e+03 1.4524e+01 -4.6170e+00 1.2560e+04 6.2894e+03 3.2917e+00 1.2913e+02 1.3106e+01 1.2145e+00 1.3730e+00 3.0972e+02 1.9577e+02 0.0000e+00 0.0000e+00
2.2152e-02 6.1680e+03 1.5349e+01 -4.7601e+00 1.2373e+04 6.1966e+03 3.7218e+00 1.2898e+02 1.4129e+01 1.0377e+00 1.3060e+00 3.0722e+02 1.9382e+02 0.0000e+00 0.0000e+00
2.3062e-02 6.0611e+03 1.6179e+01 -4.8872e+00 1.2162e+04 6.0914e+03 4.1926e+00 1.2882e+02 1.5217e+01 8.3679e-01 1.2260e+00 3.0461e+02 1.9181e+02 0.0000e+00 0.0000e+00
2.4008e-02 5.9422e+03 1.7008e+01 -4.9961e+00 1.1926e+04 5.9743e+03 4.7061e+00 1.2865e+02 1.6371e+01 6.1160e-01 1.1326e+00 3.0189e+02 1.8972e+02 0.0000e+00 0.0000e+00
2.4994e-02 5.8119e+03 1.7832e+01 -5.0846e+00 1.1669e+04 5.8460e+03 5.2638e+00 1.2847e+02 1.7594e+01 3.6195e-01 1.0257e+00 2.9904e+02 1.8758e+02 0.0000e+00 0.0000e+00
2.6020e-02 5.6712e+03 1.8646e+01 -5.1505e+00 1.1390e+04 5.7072e+03 5.8670e+00 1.2827e+02 1.8886e+01 8.7494e-02 9.0514e-01 2.9608e+02 1.8536e+02 0.0000e+00 0.0000e+00
2.7088e-02 5.5209e+03 1.9445e+01 -5.1926e+00 1.1092e+04 5.5589e+03 6.5166e+00 1.2805e+02 2.0247e+01 -2.1205e-01 7.7113e-01 2.9300e+02 1.8308e+02 0.0000e+00 0.0000e+00
2.8200e-02 5.3622e+03 2.0224e+01 -5.2092e+00 1.0777e+04 5.4023e+03 7.2132e+00 1.2782e+02 2.1677e+01 -5.3692e-01 6.2381e-01 2.8979e+02 1.8073e+02 0.0000e+00 0.0000e+00
2.9358e-02 5.1966e+03 2.0981e+01 -5.1998e+00 1.0448e+04 5.2388e+03 7.9572e+00 1.2758e+02 2.3177e+01 -8.8689e-01 4.6342e-01 2.8646e+02 1.7832e+02 0.0000e+00 0.0000e+00
3.0563e-02 5.0255e+03 2.1714e+01 -5.1642e+00 1.0109e+04 5.0698e+03 8.7484e+00 1.2732e+02 2.4746e+01 -1.2612e+00 2.9030e-01 2.8301e+02 1.7584e+02 0.0000e+00 0.0000e+00
3.1818e-02 4.8507e+03 2.2420e+01 -5.1025e+00 9.7616e+03 4.8970e+03 9.5864e+00 1.2703e+02 2.6383e+01 -1.6585e+00 1.0474e-01 2.7943e+02 1.7330e+02 0.0000e+00 0.0000e+00
3.3124e-02 4.6739e+03 2.3102e+01 -5.0161e+00 9.4108e+03 4.7224e+03 1.0471e+01 1.2673e+02 2.8086e+01 -2.0772e+00 -9.2980e-02 2.7573e+02 1.7069e+02 0.0000e+00 0.0000e+00
3.4484e-02 4.4972e+03 2.3762e+01 -4.9063e+00 9.0599e+03 4.5477e+03 1.1400e+01 1.2641e+02 2.9854e+01 -2.5161e+00 -3.0275e-01 2.7191e+02 1.6802e+02 0.0000e+00 0.0000e+00
3.5900e-02 4.3223e+03 2.4404e+01 -4.7759e+00 8.7129e+03 4.3749e+03 1.2375e+01 1.2607e+02 3.1685e+01 -2.9748e+00 -5.2457e-01 2.6796e+02 1.6529e+02 0.0000e+00 0.0000e+00
3.7374e-02 4.1513e+03 2.5035e+01 -4.6271e+00 8.3734e+03 4.2059e+03 1.3393e+01 1.2570e+02 3.3578e+01 -3.4545e+00 -7.5876e-01 2.6388e+02 1.6250e+02 0.0000e+00 0.0000e+00
3.8908e-02 3.9859e+03 2.5664e+01 -4.4635e+00 8.0453e+03 4.0426e+03 1.4455e+01 1.2530e+02 3.5532e+01 -3.9569e+00 -1.0059e+00 2.5967e+02 1.5966e+02 0.0000e+00 0.0000e+00
4.0505e-02 3.8276e+03 2.6300e+01 -4.2879e+00 7.7316e+03 3.8866e+03 1.5562e+01 1.2488e+02 3.7547e+01 -4.4839e+00 -1.2668e+00 2.5534e+02 1.5677e+02 0.0000e+00 0.0000e+00
4.2168e-02 3.6781e+03 2.6957e+01 -4.1038e+00 7.4355e+03 3.7393e+03 1.6714e+01 1.2443e+02 3.9623e+01 -5.0369e+00 -1.5429e+00 2.5087e+02 1.5383e+02 0.0000e+00 0.0000e+00
4.3899e-02 3.5384e+03 2.7645e+01 -3.9137e+00 7.1590e+03 3.6020e+03 1.7914e+01 1.2395e+02 4.1761e+01 -5.6168e+00 -1.8356e+00 2.4628e+02 1.5085e+02 0.0000e+00 0.0000e+00
4.5702e-02 3.4091e+03 2.8377e+01 -3.7192e+00 6.9036e+03 3.4752e+03 1.9166e+01 1.2344e+02 4.3963e+01 -6.2259e+00 -2.1469e+00 2.4157e+02 1.4783e+02 0.0000e+00 0.0000e+00
4.7578e-02 3.2906e+03 2.9164e+01 -3.5218e+00 6.6699e+03 3.3594e+03 2.0474e+01 1.2290e+02 4.6233e+01 -6.8682e+00 -2.4788e+00 2.3673e+02 1.4479e+02 0.0000e+00 0.0000e+00
4.9531e-02 3.1825e+03 3.0012e+01 -3.3195e+00 6.4574e+03 3.2542e+03 2.1846e+01 1.2232e+02 4.8574e+01 -7.5490e+00 -2.8334e+00 2.3176e+02 1.4172e+02 0.0000e+00 0.0000e+00
5.1565e-02 3.0842e+03 3.0926e+01 -3.1107e+00 6.2646e+03 3.1588e+03 2.3287e+01 1.2171e+02 5.0992e+01 -8.2720e+00 -3.2123e+00 2.2669e+02 1.3864e+02 0.0000e+00 0.0000e+00
5.3681e-02 2.9941e+03 3.1901e+01 -2.8894e+00 6.0886e+03 3.0720e+03 2.4808e+01 1.2105e+02 5.3491e+01 -9.0381e+00 -3.6168e+00 2.2150e+02 1.3555e+02 0.0000e+00 0.0000e+00
5.5885e-02 2.9103e+03 3.2925e+01 -2.6489e+00 5.9252e+03 2.9915e+03 2.6416e+01 1.2036e+02 5.6077e+01 -9.8466e+00 -4.0474e+00 2.1622e+02 1.3246e+02 0.0000e+00 0.0000e+00
5.8180e-02 2.8302e+03 3.3976e+01 -2.3794e+00 5.7695e+03 2.9150e+03 2.8118e+01 1.1963e+02 5.8750e+01 -1.0697e+01 -4.5034e+00 2.1085e+02 1.2937e+02 0.0000e+00 0.0000e+00
6.0568e-02 2.7509e+03 3.5022e+01 -2.0703e+00 5.6156e+03 2.8393e+03 2.9919e+01 1.1885e+02 6.1511e+01 -1.1587e+01 -4.9824e+00 2.0542e+02 1.2629e+02 0.0000e+00 0.0000e+00
6.3054e-02 2.6692e+03 3.6018e+01 -1.7098e+00 5.4569e+03 2.7613e+03 3.1820e+01 1.1803e+02 6.4355e+01 -1.2512e+01 -5.4805e+00 1.9993e+02 1.2323e+02 0.0000e+00 0.0000e+00
6.5643e-02 2.5821e+03 3.6913e+01 -1.2864e+00 5.2870e+03 2.6776e+03 3.3816e+01 1.1716e+02 6.7270e+01 -1.3458e+01 -5.9920e+00 1.9440e+02 1.2019e+02 0.0000e+00 0.0000e+00
6.8338e-02 2.4867e+03 3.7651e+01 -7.9204e-01 5.1005e+03 2.5856e+03 3.5896e+01 1.1625e+02 7.0239e+01 -1.4411e+01 -6.5090e+00 1.8887e+02 1.1715e+02 0.0000e+00 0.0000e+00
7.1143e-02 2.3812e+03 3.8175e+01 -2.2135e-01 4.8934e+03 2.4832e+03 3.8040e+01 1.1528e+02 7.3235e+01 -1.5357e+01 -7.0227e+00 1.8333e+02 1.1414e+02 0.0000e+00 0.0000e+00
7.4064e-02 2.2652e+03 3.8446e+01 4.2231e-01 4.6645e+03 2.3697e+03 4.0219e+01 1.1427e+02 7.6225e+01 -1.6280e+01 -7.5230e+00 1.7782e+02 1.1114e+02 0.0000e+00 0.0000e+00
7.7105e-02 2.1395e+03 3.8440e+01 1.1293e+00 4.4156e+03 2.2460e+03 4.2399e+01 1.1320e+02 7.9168e+01 -1.7158e+01 -8.0000e+00 1.7235e+02 1.0815e+02 0.0000e+00 0.0000e+00
8.0270e-02 2.0064e+03 3.8161e+01 1.8819e+00 4.1513e+03 2.1144e+03 4.4540e+01 1.1209e+02 8.2022e+01 -1.7976e+01 -8.4452e+00 1.6692e+02 1.0517e+02 0.0000e+00 0.0000e+00
8.3565e-02 1.8698e+03 3.7643e+01 2.6550e+00 3.8790e+03 1.9788e+03 4.6600e+01 1.1092e+02 8.4743e+01 -1.8725e+01 -8.8519e+00 1.6155e+02 1.0220e+02 0.0000e+00 0.0000e+00
8.6996e-02 1.7346e+03 3.6957e+01 3.4188e+00 3.6090e+03 1.8441e+03 4.8541e+01 1.0970e+02 8.7296e+01 -1.9394e+01 -9.2175e+00 1.5622e+02 9.9241e+01 0.0000e+00 0.0000e+00
9.0568e-02 1.6060e+03 3.6202e+01 4.1421e+00 3.3521e+03 1.7159e+03 5.0339e+01 1.0843e+02 8.9655e+01 -1.9987e+01 -9.5428e+00 1.5095e+02 9.6298e+01 0.0000e+00 0.0000e+00
9.4286e-02 1.4892e+03 3.5487e+01 4.7999e+00 3.1185e+03 1.5992e+03 5.1982e+01 1.0711e+02 9.1814e+01 -2.0513e+01 -9.8332e+00 1.4571e+02 9.3378e+01 0.0000e+00 0.0000e+00
9.8156e-02 1.3875e+03 3.4915e+01 5.3750e+00 2.9152e+03 1.4979e+03 5.3479e+01 1.0574e+02 9.3785e+01 -2.0986e+01 -1.0097e+01 1.4050e+02 9.0488e+01 0.0000e+00 0.0000e+00
1.0219e-01 1.3029e+03 3.4569e+01 5.8640e+00 2.7467e+03 1.4139e+03 5.4858e+01 1.0433e+02 9.5598e+01 -2.1426e+01 -1.0345e+01 1.3532e+02 8.7638e+01 0.0000e+00 0.0000e+00
1.0638e-01 1.2347e+03 3.4481e+01 6.2788e+00 2.6116e+03 1.3470e+03 5.6167e+01 1.0287e+02 9.7301e+01 -2.1853e+01 -1.0588e+01 1.3017e+02 8.4838e+01 0.0000e+00 0.0000e+00
1.1075e-01 1.1804e+03 3.4632e+01 6.6439e+00 2.5050e+03 1.2942e+03 5.7457e+01 1.0136e+02 9.8946e+01 -2.2279e+01 -1.0832e+01 1.2506e+02 8.2095e+01 0.0000e+00 0.0000e+00
1.1530e-01 1.1349e+03 3.4931e+01 6.9944e+00 2.4163e+03 1.2507e+03 5.8778e+01 9.9812e+01 1.0058e+02 -2.2714e+01 -1.1081e+01 1.1999e+02 7.9413e+01 0.0000e+00 0.0000e+00
1.2003e-01 1.0922e+03 3.5232e+01 7.3666e+00 2.3334e+03 1.2101e+03 6.0159e+01 9.8218e+01 1.0222e+02 -2.3152e+01 -1.1332e+01 1.1500e+02 7.6793e+01 0.0000e+00 0.0000e+00
1.2496e-01 1.0459e+03 3.5353e+01 7.7903e+00 2.2430e+03 1.1656e+03 6.1596e+01 9.6582e+01 1.0386e+02 -2.3578e+01 -1.1575e+01 1.1012e+02 7.4231e+01 0.0000e+00 0.0000e+00
1.3009e-01 9.9168e+02 3.5136e+01 8.2754e+00 2.1357e+03 1.1124e+03 6.3045e+01 9.4903e+01 1.0544e+02 -2.3966e+01 -1.1796e+01 1.0536e+02 7.1720e+01 0.0000e+00 0.0000e+00
1.3543e-01 9.2800e+02 3.4495e+01 8.8081e+00 2.0083e+03 1.0488e+03 6.4428e+01 9.3183e+01 1.0689e+02 -2.4288e+01 -1.1979e+01 1.0075e+02 6.9253e+01 0.0000e+00 0.0000e+00
1.4099e-01 8.5739e+02 3.3469e+01 9.3485e+00 1.8658e+03 9.7739e+02 6.5651e+01 9.1423e+01 1.0811e+02 -2.4517e+01 -1.2110e+01 9.6284e+01 6.6824e+01 0.0000e+00 0.0000e+00
1.4677e-01 7.8553e+02 3.2219e+01 9.8467e+00 1.7198e+03 9.0398e+02 6.6633e+01 8.9627e+01 1.0902e+02 -2.4643e+01 -1.2185e+01 9.1963e+01 6.4433e+01 0.0000e+00 0.0000e+00
1.5280e-01 7.1901e+02 3.0972e+01 1.0257e+01 1.5843e+03 8.3567e+02 6.7337e+01 8.7798e+01 1.0960e+02 -2.4673e+01 -1.2209e+01 8.7771e+01 6.2084e+01 0.0000e+00 0.0000e+00
1.5907e-01 6.6297e+02 2.9942e+01 1.0558e+01 1.4700e+03 7.7811e+02 6.7786e+01 8.5942e+01 1.0987e+02 -2.4629e+01 -1.2192e+01 8.3688e+01 5.9787e+01 0.0000e+00 0.0000e+00
1.6560e-01 6.1931e+02 2.9244e+01 1.0760e+01 1.3812e+03 7.3351e+02 6.8059e+01 8.4062e+01 1.0992e+02 -2.4541e+01 -1.2154e+01 7.9703e+01 5.7551e+01 0.0000e+00 0.0000e+00
1.7240e-01 5.8594e+02 2.8843e+01 1.0900e+01 1.3139e+03 6.9981e+02 6.8259e+01 8.2161e+01 1.0986e+02 -2.4438e+01 -1.2107e+01 7.5816e+01 5.5381e+01 0.0000e+00 0.0000e+00
1.7948e-01 5.5775e+02 2.8567e+01 1.1026e+01 1.2573e+03 6.7163e+02 6.8466e+01 8.0242e+01 1.0976e+02 -2.4335e+01 -1.2059e+01 7.2038e+01 5.3278e+01 0.0000e+00 0.0000e+00
1.8685e-01 5.2887e+02 2.8174e+01 1.1170e+01 1.1990e+03 6.4252e+02 6.8700e+01 7.8306e+01 1.0964e+02 -2.4227e+01 -1.2007e+01 6.8389e+01 5.1237e+01 0.0000e+00 0.0000e+00
1.9452e-01 4.9542e+02 2.7481e+01 1.1339e+01 1.1307e+03 6.0811e+02 6.8904e+01 7.6354e+01 1.0943e+02 -2.4092e+01 -1.1937e+01 6.4886e+01 4.9250e+01 0.0000e+00 0.0000e+00
2.0250e-01 4.5768e+02 2.6478e+01 1.1502e+01 1.0527e+03 5.6856e+02 6.8976e+01 7.4390e+01 1.0905e+02 -2.3904e+01 -1.1838e+01 6.1533e+01 4.7309e+01 0.0000e+00 0.0000e+00
2.1082e-01 4.1955e+02 2.5333e+01 1.1622e+01 9.7328e+02 5.2808e+02 6.8830e+01 7.2418e+01 1.0839e+02 -2.3647e+01 -1.1699e+01 5.8325e+01 4.5414e+01 0.0000e+00 0.0000e+00
2.1947e-01 3.8569e+02 2.4278e+01 1.1668e+01 9.0239e+02 4.9189e+02 6.8455e+01 7.0442e+01 1.0747e+02 -2.3325e+01 -1.1526e+01 5.5246e+01 4.3571e+01 0.0000e+00 0.0000e+00
2.2848e-01 3.5839e+02 2.3449e+01 1.1649e+01 8.4515e+02 4.6267e+02 6.7916e+01 6.8468e+01 1.0635e+02 -2.2962e+01 -1.1331e+01 5.2283e+01 4.1786e+01 0.0000e+00 0.0000e+00
2.3786e-01 3.3635e+02 2.2806e+01 1.1593e+01 7.9896e+02 4.3914e+02 6.7310e+01 6.6497e+01 1.0513e+02 -2.2585e+01 -1.1128e+01 4.9432e+01 4.0061e+01 0.0000e+00 0.0000e+00
2.4763e-01 3.1606e+02 2.2179e+01 1.1525e+01 7.5632e+02 4.1739e+02 6.6694e+01 6.4533e+01 1.0388e+02 -2.2209e+01 -1.0925e+01 4.6697e+01 3.8395e+01 0.0000e+00 0.0000e+00
2.5779e-01 2.9466e+02 2.1414e+01 1.1457e+01 7.1100e+02 3.9416e+02 6.6044e+01 6.2577e+01 1.0255e+02 -2.1826e+01 -1.0716e+01 4.4089e+01 3.6780e+01 0.0000e+00 0.0000e+00
2.6838e-01 2.7215e+02 2.0508e+01 1.1369e+01 6.6286e+02 3.6933e+02 6.5292e+01 6.0631e+01 1.0110e+02 -2.1419e+01 -1.0493e+01 4.1606e+01 3.5214e+01 0.0000e+00 0.0000e+00
2.7939e-01 2.5074e+02 1.9588e+01 1.1249e+01 6.1671e+02 3.4542e+02 6.4396e+01 5.8701e+01 9.9476e+01 -2.0975e+01 -1.0250e+01 3.9244e+01 3.3696e+01 0.0000e+00 0.0000e+00
2.9086e-01 2.3225e+02 1.8769e+01 1.1092e+01 5.7661e+02 3.2461e+02 6.3379e+01 5.6789e+01 9.7713e+01 -2.0503e+01 -9.9914e+00 3.6993e+01 3.2229e+01 0.0000e+00 0.0000e+00
3.0280e-01 2.1639e+02 1.8043e+01 1.0912e+01 5.4201e+02 3.0662e+02 6.2304e+01 5.4898e+01 9.5874e+01 -2.0020e+01 -9.7275e+00 3.4846e+01 3.0816e+01 0.0000e+00 0.0000e+00
3.1524e-01 2.0151e+02 1.7319e+01 1.0719e+01 5.0937e+02 2.8961e+02 6.1201e+01 5.3030e+01 9.3991e+01 -1.9540e+01 -9.4641e+00 3.2804e+01 2.9453e+01 0.0000e+00 0.0000e+00
3.2818e-01 1.8671e+02 1.6547e+01 1.0510e+01 4.7664e+02 2.7247e+02 6.0049e+01 5.1186e+01 9.2046e+01 -1.9057e+01 -9.1985e+00 3.0866e+01 2.8137e+01 0.0000e+00 0.0000e+00
3.4165e-01 1.7252e+02 1.5763e+01 1.0285e+01 4.4500e+02 2.5582e+02 5.8822e+01 4.9371e+01 9.0014e+01 -1.8561e+01 -8.9260e+00 2.9030e+01 2.6866e+01 0.0000e+00 0.0000e+00
3.5568e-01 1.5974e+02 1.5022e+01 1.0041e+01 4.1625e+02 2.4063e+02 5.7529e+01 4.7585e+01 8.7908e+01 -1.8053e+01 -8.6472e+00 2.7290e+01 2.5643e+01 0.0000e+00 0.0000e+00
3.7028e-01 1.4824e+02 1.4322e+01 9.7847e+00 3.9015e+02 2.2681e+02 5.6198e+01 4.5831e+01 8.5758e+01 -1.7544e+01 -8.3677e+00 2.5641e+01 2.4465e+01 0.0000e+00 0.0000e+00
3.8548e-01 1.3742e+02 1.3628e+01 9.5159e+00 3.6540e+02 2.1364e+02 5.4840e+01 4.4110e+01 8.3580e+01 -1.7038e+01 -8.0902e+00 2.4079e+01 2.3332e+01 0.0000e+00 0.0000e+00
4.0130e-01 1.2714e+02 1.2935e+01 9.2372e+00 3.4166e+02 2.0095e+02 5.3448e+01 4.2424e+01 8.1365e+01 -1.6533e+01 -7.8132e+00 2.2604e+01 2.2242e+01 0.0000e+00 0.0000e+00
4.1778e-01 1.1764e+02 1.2265e+01 8.9504e+00 3.1953e+02 1.8907e+02 5.2022e+01 4.0774e+01 7.9118e+01 -1.6027e+01 -7.5359e+00 2.1211e+01 2.1194e+01 0.0000e+00 0.0000e+00
4.3493e-01 1.0894e+02 1.1619e+01 8.6552e+00 2.9904e+02 1.7803e+02 5.0574e+01 3.9162e+01 7.6851e+01 -1.5524e+01 -7.2605e+00 1.9895e+01 2.0187e+01 0.0000e+00 0.0000e+00
4.5278e-01 1.0083e+02 1.0989e+01 8.3548e+00 2.7976e+02 1.6759e+02 4.9112e+01 3.7589e+01 7.4576e+01 -1.5026e+01 -6.9888e+00 1.8653e+01 1.9221e+01 0.0000e+00 0.0000e+00
4.7137e-01 9.3267e+01 1.0375e+01 8.0483e+00 2.6159e+02 1.5770e+02 4.7636e+01 3.6055e+01 7.2294e+01 -1.4535e+01 -6.7203e+00 1.7483e+01 1.8293e+01 0.0000e+00 0.0000e+00
4.9072e-01 8.6273e+01 9.7812e+00 7.7393e+00 2.4461e+02 1.4842e+02 4.6150e+01 3.4561e+01 7.0010e+01 -1.4048e+01 -6.4554e+00 1.6380e+01 1.7403e+01 0.0000e+00 0.0000e+00
5.1087e-01 7.9797e+01 9.2065e+00 7.4269e+00 2.2871e+02 1.3969e+02 4.4661e+01 3.3108e+01 6.7732e+01 -1.3569e+01 -6.1952e+00 1.5341e+01 1.6550e+01 0.0000e+00 0.0000e+00
5.3184e-01 7.3780e+01 8.6496e+00 7.1125e+00 2.1377e+02 1.3145e+02 4.3171e+01 3.1696e+01 6.5465e+01 -1.3098e+01 -5.9399e+00 1.4364e+01 1.5733e+01 0.0000e+00 0.0000e+00
5.5368e-01 6.8204e+01 8.1115e+00 6.7978e+00 1.9977e+02 1.2369e+02 4.1684e+01 3.0326e+01 6.3214e+01 -1.2636e+01 -5.6899e+00 1.3445e+01 1.4950e+01 0.0000e+00 0.0000e+00
5.7641e-01 6.3038e+01 7.5920e+00 6.4823e+00 1.8665e+02 1.1637e+02 4.0203e+01 2.8997e+01 6.0983e+01 -1.2183e+01 -5.4455e+00 1.2580e+01 1.4201e+01 0.0000e+00 0.0000e+00
6.0007e-01 5.8248e+01 7.0908e+00 6.1681e+00 1.7433e+02 1.0947e+02 3.8731e+01 2.7710e+01 5.8776e+01 -1.1739e+01 -5.2070e+00 1.1768e+01 1.3484e+01 0.0000e+00 0.0000e+00
6.2471e-01 5.3810e+01 6.6079e+00 5.8550e+00 1.6278e+02 1.0297e+02 3.7272e+01 2.6464e+01 5.6597e+01 -1.1305e+01 -4.9746e+00 1.1005e+01 1.2798e+01 0.0000e+00 0.0000e+00
6.5035e-01 4.9698e+01 6.1430e+00 5.5445e+00 1.5194e+02 9.6831e+01 3.5827e+01 2.5260e+01 5.4449e+01 -1.0882e+01 -4.7485e+00 1.0289e+01 1.2143e+01 0.0000e+00 0.0000e+00
6.7705e-01 4.5887e+01 5.6960e+00 5.2368e+00 1.4176e+02 9.1042e+01 3.4400e+01 2.4097e+01 5.2335e+01 -1.0468e+01 -4.5288e+00 9.6164e+00 1.1517e+01 0.0000e+00 0.0000e+00
7.0485e-01 4.2357e+01 5.2665e+00 4.9329e+00 1.3221e+02 8.5579e+01 3.2991e+01 2.2974e+01 5.0258e+01 -1.0065e+01 -4.3157e+00 8.9857e+00 1.0919e+01 0.0000e+00 0.0000e+00
7.3378e-01 3.9085e+01 4.8544e+00 4.6333e+00 1.2325e+02 8.0422e+01 3.1603e+01 2.1892e+01 4.8220e+01 -9.6731e+00 -4.1091e+00 8.3940e+00 1.0348e+01 0.0000e+00 0.0000e+00
7.6391e-01 3.6055e+01 4.4594e+00 4.3386e+00 1.1483e+02 7.5552e+01 3.0239e+01 2.0849e+01 4.6224e+01 -9.2914e+00 -3.9091e+00 7.8392e+00 9.8037e+00 0.0000e+00 0.0000e+00
7.9527e-01 3.3247e+01 4.0812e+00 4.0494e+00 1.0693e+02 7.0953e+01 2.8898e+01 1.9844e+01 4.4270e+01 -8.9202e+00 -3.7158e+00 7.3192e+00 9.2842e+00 0.0000e+00 0.0000e+00
8.2792e-01 3.0645e+01 3.7197e+00 3.7662e+00 9.9506e+01 6.6609e+01 2.7583e+01 1.8878e+01 4.2360e+01 -8.5595e+00 -3.5290e+00 6.8319e+00 8.7888e+00 0.0000e+00 0.0000e+00
8.6190e-01 2.8235e+01 3.3746e+00 3.4895e+00 9.2534e+01 6.2503e+01 2.6295e+01 1.7950e+01 4.0496e+01 -8.2092e+00 -3.3487e+00 6.3753e+00 8.3167e+00 0.0000e+00 0.0000e+00
8.9729e-01 2.6002e+01 3.0455e+00 3.2198e+00 8.5985e+01 5.8623e+01 2.5035e+01 1.7058e+01 3.8678e+01 -7.8691e+00 -3.1749e+00 5.9475e+00 7.8669e+00 0.0000e+00 0.0000e+00
9.3413e-01 2.3934e+01 2.7324e+00 2.9575e+00 7.9832e+01 5.4956e+01 2.3804e+01 1.6201e+01 3.6908e+01 -7.5390e+00 -3.0075e+00 5.5469e+00 7.4384e+00 0.0000e+00 0.0000e+00
9.7247e-01 2.2018e+01 2.4349e+00 2.7031e+00 7.4053e+01 5.1488e+01 2.2602e+01 1.5380e+01 3.5185e+01 -7.2188e+00 -2.8463e+00 5.1718e+00 7.0305e+00 0.0000e+00 0.0000e+00
1.0124e+00 2.0243e+01 2.1529e+00 2.4570e+00 6.8625e+01 4.8209e+01 2.1431e+01 1.4592e+01 3.3511e+01 -6.9083e+00 -2.6914e+00 4.8206e+00 6.6423e+00 0.0000e+00 0.0000e+00
1.0540e+00 1.8599e+01 1.8861e+00 2.2197e+00 6.3528e+01 4.5109e+01 2.0291e+01 1.3837e+01 3.1885e+01 -6.6071e+00 -2.5424e+00 4.4918e+00 6.2729e+00 0.0000e+00 0.0000e+00
1.0972e+00 1.7077e+01 1.6344e+00 1.9916e+00 5.8741e+01 4.2176e+01 1.9183e+01 1.3115e+01 3.0308e+01 -6.3151e+00 -2.3995e+00 4.1841e+00 5.9215e+00 0.0000e+00 0.0000e+00
1.1423e+00 1.5667e+01 1.3975e+00 1.7731e+00 5.4248e+01 3.9403e+01 1.8107e+01 1.2423e+01 2.8779e+01 -6.0321e+00 -2.2623e+00 3.8961e+00 5.5874e+00 0.0000e+00 0.0000e+00
1.1892e+00 1.4362e+01 1.1753e+00 1.5645e+00 5.0032e+01 3.6781e+01 1.7063e+01 1.1761e+01 2.7299e+01 -5.7578e+00 -2.1308e+00 3.6266e+00 5.2698e+00 0.0000e+00 0.0000e+00
1.2380e+00 1.3154e+01 9.6756e-01 1.3662e+00 4.6078e+01 3.4301e+01 1.6053e+01 1.1129e+01 2.5867e+01 -5.4919e+00 -2.0048e+00 3.3745e+00 4.9680e+00 0.0000e+00 0.0000e+00
1.2888e+00 1.2036e+01 7.7414e-01 1.1786e+00 4.2372e+01 3.1957e+01 1.5077e+01 1.0524e+01 2.4484e+01 -5.2342e+00 -1.8842e+00 3.1385e+00 4.6813e+00 0.0000e+00 0.0000e+00
1.3417e+00 1.1002e+01 5.9479e-01 1.0020e+00 3.8901e+01 2.9742e+01 1.4134e+01 9.9471e+00 2.3148e+01 -4.9846e+00 -1.7689e+00 2.9179e+00 4.4090e+00 0.0000e+00 0.0000e+00
1.3968e+00 1.0046e+01 4.2934e-01 8.3644e-01 3.5653e+01 2.7650e+01 1.3226e+01 9.3962e+00 2.1860e+01 -4.7427e+00 -1.6587e+00 2.7114e+00 4.1505e+00 0.0000e+00 0.0000e+00
1.4541e+00 9.1629e+00 2.7753e-01 6.8235e-01 3.2616e+01 2.5674e+01 1.2352e+01 8.8706e+00 2.0618e+01 -4.5084e+00 -1.5535e+00 2.5184e+00 3.9051e+00 0.0000e+00 0.0000e+00
1.5138e+00 8.3472e+00 1.3914e-01 5.3978e-01 2.9780e+01 2.3809e+01 1.1513e+01 8.3693e+00 1.9424e+01 -4.2815e+00 -1.4532e+00 2.3379e+00 3.6723e+00 0.0000e+00 0.0000e+00
1.5760e+00 7.5944e+00 1.3885e-02 4.0885e-01 2.7135e+01 2.2051e+01 1.0708e+01 7.8916e+00 1.8275e+01 -4.0617e+00 -1.3576e+00 2.1692e+00 3.4514e+00 0.0000e+00 0.0000e+00
1.6407e+00 6.9003e+00 -9.8541e-02 2.8958e-01 2.4673e+01 2.0395e+01 9.9391e+00 7.4365e+00 1.7173e+01 -3.8491e+00 -1.2666e+00 2.0115e+00 3.2421e+00 0.0000e+00 0.0000e+00
1.7080e+00 6.2608e+00 -1.9848e-01 1.8190e-01 2.2383e+01 1.8836e+01 9.2050e+00 7.0031e+00 1.6115e+01 -3.6434e+00 -1.1801e+00 1.8642e+00 3.0436e+00 0.0000e+00 0.0000e+00
1.7782e+00 5.6723e+00 -2.8632e-01 8.5695e-02 2.0259e+01 1.7370e+01 8.5060e+00 6.5907e+00 1.5102e+01 -3.4444e+00 -1.0979e+00 1.7265e+00 2.8556e+00 0.0000e+00 0.0000e+00
1.8512e+00 5.1313e+00 -3.6248e-01 7.2600e-04 1.8291e+01 1.5994e+01 7.8420e+00 6.1985e+00 1.4132e+01 -3.2522e+00 -1.0200e+00 1.5980e+00 2.6775e+00 0.0000e+00 0.0000e+00
1.9272e+00 4.6346e+00 -4.2745e-01 -7.3283e-02 1.6473e+01 1.4703e+01 7.2129e+00 5.8256e+00 1.3206e+01 -3.0666e+00 -9.4623e-01 1.4780e+00 2.5089e+00 0.0000e+00 0.0000e+00
2.0063e+00 4.1792e+00 -4.8174e-01 -1.3674e-01 1.4796e+01 1.3494e+01 6.6185e+00 5.4713e+00 1.2323e+01 -2.8876e+00 -8.7644e-01 1.3660e+00 2.3494e+00 0.0000e+00 0.0000e+00
2.0886e+00 3.7622e+00 -5.2592e-01 -1.9010e-01 1.3254e+01 1.2364e+01 6.0583e+00 5.1349e+00 1.1482e+01 -2.7151e+00 -8.1054e-01 1.2616e+00 2.1985e+00 0.0000e+00 0.0000e+00
2.1744e+00 3.3811e+00 -5.6059e-01 -2.3391e-01 1.1840e+01 1.1309e+01 5.5320e+00 4.8156e+00 1.0682e+01 -2.5491e+00 -7.4841e-01 1.1643e+00 2.0559e+00 0.0000e+00 0.0000e+00
2.2637e+00 3.0334e+00 -5.8640e-01 -2.6878e-01 1.0547e+01 1.0326e+01 5.0388e+00 4.5128e+00 9.9228e+00 -2.3895e+00 -6.8992e-01 1.0736e+00 1.9212e+00 0.0000e+00 0.0000e+00
2.3566e+00 2.7166e+00 -6.0403e-01 -2.9537e-01 9.3673e+00 9.4126e+00 4.5783e+00 4.2259e+00 9.2032e+00 -2.2364e+00 -6.3498e-01 9.8919e-01 1.7940e+00 0.0000e+00 0.0000e+00
2.4533e+00 2.4287e+00 -6.1418e-01 -3.1441e-01 8.2950e+00 8.5647e+00 4.1495e+00 3.9541e+00 8.5225e+00 -2.0896e+00 -5.8345e-01 9.1065e-01 1.6740e+00 0.0000e+00 0.0000e+00
2.5540e+00 2.1674e+00 -6.1758e-01 -3.2664e-01 7.3233e+00 7.7795e+00 3.7514e+00 3.6969e+00 7.8799e+00 -1.9492e+00 -5.3521e-01 8.3764e-01 1.5608e+00 0.0000e+00 0.0000e+00
2.6589e+00 1.9308e+00 -6.1495e-01 -3.3283e-01 6.4455e+00 7.0540e+00 3.3832e+00 3.4536e+00 7.2742e+00 -1.8151e+00 -4.9015e-01 7.6982e-01 1.4542e+00 0.0000e+00 0.0000e+00
2.7681e+00 1.7169e+00 -6.0704e-01 -3.3374e-01 5.6554e+00 6.3851e+00 3.0437e+00 3.2238e+00 6.7045e+00 -1.6873e+00 -4.4814e-01 7.0688e-01 1.3538e+00 0.0000e+00 0.0000e+00
2.8817e+00 1.5241e+00 -5.9454e-01 -3.3013e-01 4.9465e+00 5.7698e+00 2.7316e+00 3.0068e+00 6.1698e+00 -1.5658e+00 -4.0905e-01 6.4851e-01 1.2593e+00 0.0000e+00 0.0000e+00
3.0000e+00 1.3506e+00 -5.7817e-01 -3.2273e-01 4.3127e+00 5.2050e+00 2.4456e+00 2.8021e+00 5.6689e+00 -1.4505e+00 -3.7276e-01 5.9444e-01 1.1705e+00 0.0000e+00 0.0000e+00
